# Name         Vas  Qts   Qes   Qms   Fs  mms  cms nvc Re   Le Sd   Xmax  SPL  Pmax
S21 L1000,     189, 0.44, 0.48, 6.83, 39, 0, 0, 1, 5.7, 0.594, 1662, 4, 98, 1000
S18I1000,      218, 0.25, 0.26, 6.24, 35, 225, 0.08, 1, 8, 0, 1220, 8, 98, 1000
R1830,         265, 0.64, 0.64, 6,    33.8, 0, 0, 1, 8, 0, 1220, 7.4, 97, 350
R1840,         303, 0.41, 0.41, 6,    28.4, 0, 0, 1, 8, 0, 1220, 8.5, 97, 450
V8202,         14.8, 0.62, 0.62, 14.62, 68.6, 0, 0, 1, 6.8, 0.423, 219, 3, 94.5, 150
10204,         35.3, 0.55, 0.55, 14.99, 56.6, 0, 0, 1, 6.8, 0.491, 356, 3, 96, 150
R1524,         150,  0.74, 0.75,  6.24, 44.4, 0, 0, 1, 6.5, 0.388, 860, 3, 96.5, 230 
C151530B4,     147, 0.47, 0.49, 7.16, 44.0, 0, 0, 1, 7.3, 0.607, 897, 5, 98, 400
C1225P34,      46.4, 0.62, 0.65, 16.96, 61.0, 0, 0, 1, 6.9, 0.6, 543, 4, 97, 250
C1025P34,      15.4, 0.58, 0.60, 7.51, 76.4, 0, 0, 1, 7.8, 0.579, 350, 4, 95, 250
C8025P34,      6.67, 0.49, 0.50, 12.18, 72.0, 0, 0, 1, 7.6, 0.605, 219, 3.5, 94, 250 