# Name        Vas  Qts   Qes   Qms   Fs  mms  cms nvc Re1  Le1   Sd  Xmax SPL Pmax
AC_5_25_HE-S,  15, 0.43, 0.47, 4.6,  49, 0.0, 0.0, 1, 6.7, 0.6,   88, 3.5, 85,  80
AC_6_5_HE,     41, 0.37, 0.40, 5.1,  39, 0.0, 0.0, 1, 6.7, 0.55,  130, 3.6, 90,  80
AC_8_HE,       80, 0.38, 0.41, 4.6,  35, 0.0, 0.0, 1, 6.6, 0.8,  216, 4.5, 91, 100
AC_10_HE,     100, 0.33, 0.35, 4.1,  28, 0.0, 0.0, 1, 6.4, 0.7,  346, 3.5, 90, 150
AC_8SW8,       24, 0.24, 0.25, 8.3,  37, 0.0, 0.0, 1, 6.7, 2.56, 211, 5,   89, 120
AC_8SW4,       23, 0.26, 0.27, 7.9,  37, 0.0, 0.0, 1, 3.3, 1.27, 211, 4,   92, 120
AC_10SW8,      53, 0.35, 0.37, 6.7,  31, 0.0, 0.0, 1, 6.4, 2.45, 346, 5,   89, 170
AC_10SW4,      49, 0.23, 0.24, 6.5,  28, 0.0, 0.0, 1, 3.2, 1.89, 346, 5,   92, 170
AC_12SW8,      84, 0.22, 0.23, 8.5,  26, 0.0, 0.0, 1, 6.4, 3.84, 530, 6.5, 90, 250
AC_12SW4,      75, 0.21, 0.22, 7.9,  25, 0.0, 0.0, 1, 3.2, 2.14, 530, 5.5, 93, 250
