# Name      	Vas  Qts   Qes   Qms   Fs  mms  cms nvc Re   Le Sd   Xmax  SPL  Pmax
ax165k,		7.2, 0.67, 0.82, 3.7, 69, 15, 0.35, 1, 3.2,  0.0, 120, 1, 93, 120
ax165xl,	  5, 0.67, 0.97, 2.1, 78, 18, 0.2,  1, 3.4,  1.0, 120, 1, 94, 130
ex130sq,	4.6, 0.43, 0.49, 3.7, 74, 8.6 0.53, 1, 3.4,  1.0,  78, 1, 92,  90
ex165sq,	 15, 0.53, 0.61, 4.0, 55, 14, 0.6,  1, 3.5,  1.0, 135, 1, 92, 140
ex165dust,	 11, 0.43, 0.46, 6.3, 56, 16, 0.45, 1, 3.5,  1.0, 135, 1, 94, 140
ex165phase,	 12, 0.43, 0.45, 9.5, 56, 15, 0.47, 1, 3.5,  1.0, 135, 1, 94, 140
ax165fl,         17, 0.65, 0.76, 4.5, 60, 90, 0.7 , 1, 3.4,  1.0, 120, 1, 89,  80
ax8fl,           20, 1.65, 2.00, 8.7, 63, 21, 0.3 , 1, 3.2,  1.0,  50, 1, 90, 100
cx12,            40,  0.3, 0.33, 2.8, 40,150, 0.1 , 1, 3.4,  1.0, 500, 1, 96, 700
cx15,           100, 0.34, 0.38, 3  , 35,200, 0.1 , 1, 3.3,  1.0, 820, 1, 97, 700
radion10,         34, 0.50, 0.57, 3.9, 41, 74, 0.2 , 1, 3.8, 1.0, 330, 7, 94, 200
radion12,         93, 0.47, 0.53, 4.2, 30,110, 0.24, 1, 3.8, 1.0, 500, 8, 95, 300
radion15,        175, 0.51, 0.56, 5.0, 28,180, 0.17, 1, 3.4, 1.0, 820,10, 94, 400
xion10,           31, 0.57, 0.67, 3.8, 38, 85, 0.20, 1, 3.9, 1.0, 330,10, 94, 300
xion12,           64, 0.42, 0.49, 3.1, 29,160, 0.18, 1, 3.6, 1.0, 500,16, 95, 450
xion15,          122, 0.35, 0.39, 3.2, 26,260, 0.14, 1, 3.6, 1.0, 820,16, 96, 600
xion12-800,       47, 0.40, 0.47, 3.1, 33,180, 0.14, 2, 3.8, 1.0, 500,17, 95, 400
xion15-1000,      50, 0.43, 0.49, 3.5, 33,290, 0.05, 2, 3.7, 1.0, 820,17, 96, 500
helon12spl,       30, 0.30, 0.39, 1.4, 42,260, 0.05, 2, 1.9, 1.0, 500,25, 95, 800
helon15spl,       64, 0.45, 0.59, 1.9, 36,300, 0.07, 2, 1.9, 1.0, 820,25, 95,1000
hx08sq,           15, 0.35, 0.37, 4.7, 45, 50, 0.23, 1, 3.5, 1.0, 210, 8, 92, 200
hx10sq,           22, 0.37, 0.41,3.54, 38,120, 0.14, 1, 3.6, 1.0, 330,10, 92, 300
hx12sq,           31, 0.42, 0.47, 4.2, 31,140, 0.16, 1, 3.2, 1.0, 500,12, 94, 350
krypton12,        30, 0.39, 0.41, 9.45,37,191, 0.1,  1, 2.8, 1.0, 500,17, 95.5, 1000
m15,           227.6, 0.55, 0.61, 6.12,24.4, 173.7, 0.1, 1, 4, 1.0, 804.1, 10, 89.1, 400            
   
