# Name            Vas  Qts   Qes   Qms   Fs  mms  cms nvc Re1  Le1   Sd   Xmax SPL  Pmax
Aura_NSW1_205_8A, 0.04,0.70, 1.1,  2.1, 220, 0.0, 0.0,  1, 6.3, 0.1,  5.3, 1.5, 78,   5 
Aura_NSW2_326_8A, 0.1, 0.68, 0.80, 4.7, 200, 0.0, 0.0,  1, 6.4, 0.23,   13, 1.8, 84,  15 
Aura_NS3_193_8A,  1.2, 0.67, 0.73, 8.0,  80, 0.0, 0.0,  1, 7.6, 0.33,   31, 5.0, 80,  20
Aura_NS4_255_8D,  3.2, 0.44, 0.47, 7.8,  62, 0.0, 0.0,  1, 6.2, 0.0,   50, 5.4, 84,  20 
Aura_NS4_255_4D,  3.8, 0.39, 0.41, 7.0,  57, 0.0, 0.0,  1, 3.6, 0.0,   50, 5.4, 84,  20 
Aura_NFS8_495_8B,  16, 0.47, 0.52, 5.1,  42, 0.0, 0.0,  1, 6.6, 1.0,  200, 6.0, 84, 100  
Aura_NFS8_495_4A,  17, 0.26, 0.28, 4.8,  35, 0.0, 0.0,  1, 2.6, 1.0,  200, 3.5, 84, 100  
Aura_NS10_513_4A,  54, 0.34, 0.35, 9.4,  29, 0.0, 0.0,  1, 3.0, 1.0,  350, 10,  84, 200
Aura_NS10_794_4A,  33, 0.40, 0.42, 7.8,  32, 0.0, 0.0,  1, 3.6, 0.55,  317, 18,  83, 400
Aura_NS12_513_4A, 130, 0.37, 0.39, 9.2,  23, 0.0, 0.0,  1, 2.9, 1.0,  500, 10,  85, 200
Aura_NS12_794_4A,  78, 0.43, 0.45, 7.1,  27, 0.0, 0.0,  1, 3.5, 0.55,  487, 18,  84, 400
Aura_NS15_992_4A, 169, 0.37, 0.40, 8.0,  20, 0.0, 0.0,  1, 3.3, 1.0,  770, 25,  86, 800
Aura_NS18_992_4A, 322, 0.47, 0.50, 7.7,  20, 0.0, 0.0,  1, 3.1, 1.0, 1200, 25,  86, 800
