# Name     Vas  Qts   Qes   Qms   Fs  mms  cms nvc Re   Le Sd   Xmax  SPL  Pmax
6NDL38,      7, 0.42, 0.44, 11.5, 72, 17, 0, 1, 5.2, 0.6, 132, 6, 92, 150
8PS21,      14, 0.33, 0.36, 4.2, 73, 23, 0, 1, 5.4, 0.5, 220, 5, 94, 200
8NW51,      11, 0.17, 0.19, 2.7, 74, 28, 0, 1, 5.2, 0.4, 220, 6, 97, 200
8NDL51,     14, 0.37, 0.41, 3.6, 66, 28, 0, 1, 5.3, 0.5, 220, 7, 94, 200
8cx21,	    15, 0.36, 0.39, 4.1, 74, 21, 0, 1, 5.2, 1.2, 220, 5, 94, 200
15PS76,    164, 0.26, 0.28, 5.2, 38, 106, 0, 1, 5.2, 1, 855, 7.5, 99, 550
18PS76,    207, 0.27, 0.29, 6.1, 39, 149, 0, 1, 5.3, 1.9, 1210, 7, 99, 600
18PS100,   245, 0.39, 0.41, 4.6, 30, 202, 0, 1, 5.3, 2.1, 1210, 8, 96, 700
18PZB100,  297, 0.24, 0.25, 8.8, 30, 170, 0, 1, 5.3, 2.1, 1134, 8, 97, 700
12HCX76,   120, 0.19, 0.2,  8.0, 42, 47, 0, 1, 5.0, 0.8, 522, 4, 99, 350
15HCX76,   246, 0.28, 0.3,  5.8, 38, 82, 0, 1, 5.1, 0.9, 855, 4.5, 99, 400