# Name         Vas  Qts   Qes   Qms   Fs  mms  cms nvc Re1 Le1  Sd   Xmax  SPL  Pmax
blackbass10,    30, 0.43, 0.46, 7.2,  32, 130, 0.19, 2, 3.6, 0.7, 325, 15, 86, 350
blackbass12,    61, 0.48, 0.51, 8.8,  29, 160, 0.18, 2, 3.6, 0.7, 490, 15, 87, 400
crb10tc,        38, 0.53, 0.58, 5.8,  34,  90, 0.24, 2, 3.9, 1.1, 330, 10, 86, 200
crb12tc,        75, 0.61, 0.67, 7.0,  31, 120, 0.21, 2, 3.9, 1.1, 503, 10, 86, 200
predator10,     21, 0.43, 0.48, 4.5,  39, 120, 0.13, 2, 1.7, 1.0, 340, 12, 87, 400
predator12,     64, 0.46, 0.52, 4.2,  33, 140, 0.16  2, 1.8, 1.0, 530, 12, 89, 500
raptor12,       22, 0.55, 0.58, 9.0,  43, 0.0, 0.0,  1, 3.3, 1.1, 470, 13.5, 87, 1000
raptor15,       56, 0.69, 0.77, 7.2,  39, 0.0, 0.0,  1, 3.4, 1.1, 810, 13.5, 89, 1000
silver10,       50, 0.26, 0.27, 6.0,  26, 0.0, 0.0,  1, 3.2, 1.9, 314,  5, 88, 200 
silver12,       83, 0.32, 0.35, 5.5,  29, 0.0, 0.0,  1, 3.2, 1.9, 490,  5, 89, 200
sonic10,        24, 0.49, 0.53, 8.2,  31, 190, 0.14, 2, 1.9, 0.7, 346, 25, 84, 600
sonic12,        51, 0.47, 0.49,  11,  27, 250, 0.14, 2, 1.9, 0.7, 511, 25, 85, 700
sonic15,       126, 0.50, 0.52,  11,  25, 310, 0.13, 2, 1.9, 0.7, 830, 25, 88, 800
 


