# Name           Vas     Qts     Qes     Qms     Fs      mms     cms     nvc   Re        Le      Sd      Xmax      SPL Pmax
1020,   46,   0.37, 0.41, 4,    75, 29, 0.14, 1, 5.5, 0.7, 363, 2, 100, 150
ntr21-5010jd, 341.43, 0.291, 0.309, 5.231, 30.2, 318.85, 0.087, 1, 5.36, 2.063, 1662, 9, 98, 1600
tf0510,   4.2, 0.46, 0.58, 2.40, 106, 5.7,  0.4,   1, 6.43, 0.38,  78, 1.15, 91,  30
tf0818, 12.6, 0.44, 0.50, 3.83, 95, 17.53, 0.17, 1, 6.4, 0.75, 227, 3.5, 94, 100 
tf1225, 54.5, 0.50, 0.54, 6.7,  63, 46.51, 0.14, 1, 5.13, 0.84, 531, 2.5, 97, 250
tf1225cx, 39.91, 0.426, 0.480, 3.824, 71.4, 49.68, 0.10, 1, 5.57, 0.23, 531, 2.5, 97, 250
tf1525, 152.5, 0.59, 0.66, 5.9,   47, 78.2, 0.149, 1, 5.21, 0.82, 855, 2.5,  98, 250
ftr18-4080hdx, 185, 0.42, 0.46, 5.74, 35, 199, 0.10, 1, 5.1, 1.9, 1164, 8, 97, 1000
ftr18-4080fd, 395.56, 0.27, 0.29, 4.33, 26, 172.42, 0.22, 1, 5.39, 1.41, 1200, 6, 97, 1000
CF18VJD, 150.58, 0.336, 0.360, 5.152, 34.3, 259.72, 0.083, 1, 5.98, 1.48, 1200, 9, 97, 1600
FTR08-2011D, 8.77, 0.25, 0.272, 2.594, 88.4, 26.94, 0, 1, 5.74, 0.12, 226, 3.5, 93, 200