# Name           Vas     Qts     Qes     Qms     Fs      mms     cms     nvc   Re        Le      Sd      Xmax      SPL Pmax
6/90 PCD  	,2.33  	,0.6  	,0.62  	,14.9  	,213  	,6.5  	,0.085  ,1    ,5.1  	,0.39  	,143  	,2.0      ,97  	,90  	 	
6/100 PCD 	,6.8 	,0.398 	,0.4 	,11.15 	,138 	,6.3 	,0.20 	,1    ,5.3 	,0.39 	,143 	,2.0      ,99 	,100 		
8/100 SD 	,12 	,0.67 	,1.03 	,1.96 	,141 	,8.5 	,0.15 	,1    ,5.3 	,0.41 	,240 	,2.0      ,97 	,100 		
8/150 SD 	,27 	,0.32 	,0.37 	,2.41 	,89 	,9.6 	,0.33 	,1    ,5.6 	,0.5 	,240 	,2.0      ,99 	,150 		
8/250 PCD 	,17 	,0.31 	,0.36 	,2.48 	,97 	,12.3 	,0.22 	,1    ,5.4 	,0.51 	,240 	,2.0      ,99 	,250 		
10/100 SD 	,51 	,0.69 	,0.77 	,6.28 	,68 	,20 	,0.28 	,1    ,5.7 	,0.6 	,350 	,2.5      ,96 	,100 		
10/150 SD 	,42 	,0.54 	,0.6 	,5.35 	,81 	,15.7 	,0.24 	,1    ,5.1 	,0.52 	,350 	,2.5      ,98 	,150 		
10/150 HF-SD 	,142 	,0.36 	,0.37 	,12.66 	,42 	,19.2 	,0.78 	,1    ,3.5 	,0.48 	,360 	,5.0      ,97 	,150 		
10/200 SD 	,64 	,0.36 	,0.38 	,7.18 	,65 	,17.2 	,0.35 	,1    ,5.9 	,0.6 	,360 	,3.0      ,99 	,150 		
10/250 HF-AL 	,120 	,0.21 	,0.22 	,6.02 	,42 	,20 	,0.69 	,1    ,3.25 	,0.52 	,350 	,3.5      ,98 	,250 		
10/300 LC 	,59 	,0.17 	,0.18 	,4.86 	,61 	,23.8 	,0.29 	,1    ,5.5 	,0.7 	,380 	,3.0      ,100 	,300 		
12/150 SD 	,144 	,0.49 	,0.52 	,8.35 	,61 	,19 	,0.36 	,1    ,5.9 	,0.6 	,530 	,2.5      ,99 	,150 		
12/200 SD 	,85 	,0.42 	,0.51 	,2.53 	,60 	,28 	,0.25 	,1    ,5.6 	,0.67 	,530 	,2.5      ,98 	,200 		
12/250 SD 	,183 	,0.25 	,0.26 	,5.35 	,46 	,25 	,0.47 	,1    ,5.7 	,0.7 	,530 	,2.5      ,100 	,250 		
12/300 LC 	,174 	,0.12 	,0.13 	,7.05 	,42 	,33 	,0.48 	,1    ,5.5 	,1.0 	,530 	,2.5      ,101 	,300 		
15/200 SD 	,201 	,0.68 	,0.89 	,2.94 	,59 	,39 	,0.19 	,1    ,5.4 	,0.7 	,880 	,2.5      ,98 	,200 		
15/150+150 SD 	,322 	,0.36 	,0.38 	,7.15 	,38 	,57 	,0.30 	,2    ,3.6 	,0.55 	,880 	,3.5      ,99 	,2x150 		
15/250+250 	,530 	,0.38 	,0.41 	,6.98 	,35 	,42 	,0.49 	,2    ,3.9 	,1.0 	,880 	,3.0      ,99 	,2x250 		
15/300 SD 	,265 	,0.36 	,0.39 	,4.83 	,41 	,62 	,0.24 	,1    ,5.5 	,0.62 	,880 	,3.0      ,99 	,300 		
15/400 LC 	,285 	,0.24 	,0.25 	,5.11 	,41 	,56 	,0.26 	,1    ,5.2 	,1.14 	,880 	,3.0      ,101 	,400 		
15/400+400 	,180 	,0.39 	,0.4 	,12.68 	,45 	,77 	,0.17 	,2    ,3.3 	,0.94 	,880 	,5.0      ,98 	,2x400 	 	
15 XR 600 	,141 	,0.37 	,0.41 	,4.46 	,52 	,69 	,0.13 	,1    ,5.9 	,0.94 	,880 	,5.0      ,99 	,600 	 	
15 XR 800 	,131 	,0.32 	,0.33 	,10.15 	,47 	,97 	,0.12 	,1    ,5.7 	,1.9 	,880 	,5.0      ,98 	,800 	 	
18/300+300 	,471 	,0.47 	,0.51 	,6.8 	,40 	,73 	,0.21 	,2    ,3.8 	,0.95 	,1250 	,4.0      ,98 	,2x300 		
18/400+400 	,487 	,0.20 	,0.49 	,8.16 	,40 	,68 	,0.22 	,2    ,3.4 	,0.95 	,1250 	,5.0      ,100 	,2x400 	 	
18 XR 600 	,292 	,0.39 	,0.42 	,6.37 	,49 	,77 	,0.13 	,1    ,5.0 	,0.92 	,1250 	,5.0      ,101 	,600 	 	
18 XR 800 	,230 	,0.39 	,0.43 	,4.2 	,55 	,84 	,0.10 	,1    ,5.6 	,1.9 	,1290 	,5.0      ,101 	,800 	 	