# Name         Vas  Qts   Qes   Qms   Fs  mms  cms nvc Re   Le Sd   Xmax  SPL Pmax
hed-8.2,       25, 0.46, 0.52, 4.8, 32,  37, 0.0, 2, 1.8, 0.0, 200, 12, 89, 200
hed-8.4,       25, 0.62, 0.69, 6.5, 35,  37, 0.0, 2, 3.9, 0.0, 200, 12, 91, 200
hed-10.2,      57, 0.61, 0.65,13  , 25, 130, 0.0, 2, 1.9, 0.0, 320, 12, 91, 200
hed-10.4,      57, 0.67, 0.74, 4.8, 25, 130, 0.0, 2, 3.9, 0.0, 320, 12, 89, 200
hed-12.2,     109, 0.50, 0.56, 4.8, 26, 150, 0.0, 2, 1.9, 0.0, 500, 12, 91, 300
hed-12.4,     105, 0.56, 0.64, 4.8, 28, 150, 0.0, 2, 3.9, 0.0, 500, 16, 89, 300
hed-15.2,     253, 0.63, 0.73, 4.8, 22, 200, 0.0, 2, 1.7, 0.0, 770, 18, 92, 300
hed-15.4,     253, 0.71, 0.84, 4.8, 23, 200, 0.0, 2, 3.9, 0.0, 770, 18, 90, 300

