# Name     Vas  Qts   Qes   Qms  Fs mms  cms  nvc Re1 Le1  Sd   Xmax  SPL  Pmax
#rs150s-8, 13.5, 0.40, 0.50, 2.1, 48, 0.0, 0.0, 1, 6.2, 0.70, 110, 
da175-8,    20, 0.42, 0.53, 2.1, 36, 0.0, 0.0,  1, 5.9, 1.1, 130, 4.25, 86, 50
dc200-8,    55, 0.38, 0.44, 3.2, 29, 0.0, 0.0,  1, 6.7, 1.6, 200, 4.5, 88, 60
dc300-8,   140, 0.37, 0.42, 2.9, 28, 0.0, 0.0,  1, 6.6, 1.8, 510, 4.3, 92, 80
dc380-4,   270, 0.44, 0.50, 4.0, 20, 0.0, 0.0,  1, 3.1, 2.3, 810, 8.5, 92, 250
dc380-8,   400, 0.30, 0.33, 3.0, 20, 0.0, 0.0,  1, 6.2, 2.3, 810, 4.3, 90, 350
dcs205-4,  33.80, 0.33, 0.35, 5.86, 30.2, 52.5, 0.53, 1, 3.53, 1.76, 213.8, 8.8, 87.0, 150
dcs255-4,  47.90, 0.34, 0.37, 4.89, 30.9, 93.4, 0.28, 1, 3.00, 1.6,  346.4, 8.3, 89,   200
dcs305-4, 116.50, 0.41, 0.44, 5.59, 22.9, 145,  0.33, 1, 3.0,  3.2,  498.8, 9.3, 89.4, 250 
dcs450-4,  372, 0.44, 0.47, 6.51, 22, 0.0, 0.0, 1, 3.2, 2.96, 1250, 8.25, 94, 300
dvc310-88, 115, 0.37, 0.38, 13,  22, 160, 0.33, 2, 2.7, 1.8, 510, 15,  92, 350
ib385-8,   310, 0.65, 0.69,  12, 21, 0.0, 0.0,  1, 5.2, 3.1, 820,  14, 88, 350
ps180-8,   61.1, 0.23, 0.24, 3.86, 48.2, 7.2, 1.52, 1, 6.32, 0.69, 132.7, 4.6, 94.7, 30
ps220-8,   79.0, 0.30, 0.32, 3.61, 45.5, 10.6, 1.15, 1, 5.97, 0.75, 216.4, 4.8, 95.6, 40
PA465S-8,  258, 
qt210-4,    22, 0.40, 0.42, 8.2, 36, 0.0, 0.0,  1, 3.9, 2.2, 200, 9.5, 89, 150
qt385-4,   190, 0.41, 0.42,  14, 21, 0.0, 0.0,  1, 3.4, 3.5, 810,  10, 92, 300
rs125-8,  3.32, 0.44, 0.54,2.39,72.19,5.17,0.94,1, 6.2, 0.62,  90, 2.8, 86.5, 30
rs150s-8,13.98, 0.38, 0.47, 2.0, 49.16, 6.99, 1.5,  1, 6.1, 0.9, 81.7, 4,   88, 40 
rs180-8,   20.7, 0.37, 0.49, 1.45, 42.4, 14.9, 0.95,  1, 6.22, 0.74, 124.7, 6, 87, 60 
rs180s-8,   24, 0.38, 0.47, 2.0, 38, 0.0, 0.0,  1, 6.4, 0.9, 130, 6,   88, 60 
rs225s-4,  29, 0.49, 0.60, 2.6, 42, 0.0, 0.0,  1, 2.9, 0.5, 200, 6,   92, 80
rs225s-8,  74, 0.37, 0.47, 1.6, 27, 0.0, 0.0,  1, 6.4, 1.0, 200, 7,   88, 80
rs225-8,   61.8, 0.36, 0.48, 1.44, 27.6, 33.8, 0.99, 1, 6.34, 0.83, 211.2, 7, 86.2, 80
rs270-8, 120.5, 0.40, 0.52, 1.75, 24.9, 57.10, 0.72, 1, 6.78, 0.90, 346.4, 6.6, 87.5, 100
rs315hf-4, 85.1, 0.49, 0.58, 3.12, 25, 212.1, 0.27, 1, 3.3, 1.04, 514.7, 14.3, 86, 400
rs315hfa-8, 78.2, 0.56, 0.68, 3.16, 27.6, 158, 0.21, 1, 6.9, 1.45, 506, 12.3, 86, 400
rss210hf4, 32.26, 0.5, 0.6, 3.08, 28.3, 66.02, 0.48, 1, 3.3, 0.29, 219, 9, 83, 280
RSS265HF-4, 44.95, 0.44, 0.51, 3.26, 26.2, 145.9, 0.25, 1, 3.3, 0.48, 356.3, 14, 84, 350
rss390hf4, 270, 0.42, 0.49, 3.1, 18, 0.0, 0.0,  1, 3.3, 1.0, 810,  14, 90, 500
rss390ho4, 130, 0.37, 0.41, 4.1, 21, 0.0, 0.0,  1, 3.3, 1.9, 810,  12, 90, 800
sd215-88,   38, 0.41, 0.47, 3.4, 28, 42, 0.0,  2, 6,   2.4, 200, 6,   89, 80
sd215a-88, 38.2, 0.39, 0.45, 3.1, 31.0, 42.4, 0.62, 2, 6.4, 1.16, 208.7, 6, 85.9, 80
sd270-88,  105, 0.38, 0.43, 3.2, 25, 57, 0.67, 2, 6.2, 2.4, 340, 6, 88, 80
sd270a-88, 112.2, 0.44, 0.51, 3.2, 29.6, 46.78, 0.62, 2, 6.2, 0.77, 359.7, 6, 92.7, 80
sd315a-88, 122.8, 0.34, 0.38, 3.44, 26.9, 109, 0.32, 2, 6, 0.99, 522.8, 7, 94, 120
st210-8,    36, 0.40, 0.41, 14,  45, 0.0, 0.0,  1, 7.5, 1.6, 200, 6.4, 91, 180
st305-8,   150, 0.34, 0.35, 12,  27, 0.0, 0.0,  1, 5.7, 2.3, 510, 8.0, 92, 275
st315-88,  140, 0.35, 0.38, 4.0, 25, 87, 0.45, 2, 3.1, 1.4, 480, 7, 94, 120
st385-8,   270, 0.34, 0.35,  10, 19, 267, 0.0,  1, 6.3, 4.1, 860, 8.0, 90, 300 
st385-88,  280, 0.38, 0.39,  12, 20, 197, 0.31, 2, 5.2, 3.6, 810,  15, 90, 350
tit400c,   220, 0.38, 0.41, 5.9, 20, 0.0, 0.0,  1, 3.7, 3.8, 810,  21, 92, 800
um10-22,   35.1, 0.46, 0.54, 3.03, 26.2, 160.4, 0.23, 2, 1.65, 0.635, 327.8, 19, 83.4, 500
um12-22,   71.6, 0.59, 0.71, 3.45, 24.9, 193.2, 0.21, 2, 1.65, 0.61, 490.9, 19, 84.0, 600
um15-22,   224, 0.47, 0.59, 2.40, 19.5, 279.4, 0.24, 2, 1.7, 0.65, 814.6, 19, 86.5, 800