# Name         Vas  Qts   Qes   Qms   Fs  mms  cms nvc Re   Le    Sd   Xmax  SPL  Pmax
Beta 8cx,     19.99, 0.33, 0.34, 8.82, 63, 18.3, 0.32, 1, 5.6, 0.85, 210, 1.6, 93.3, 250
Beta 10cx,    64.2, 0.39, 0.43, 5.21, 49, 27, 0.39, 1, 5.53, 0.75, 344.9, 2.5, 93.3, 250
Beta 12cx,    161, 0.48, 0.51, 6.69, 47, 34, 0.4, 1, 5.57, 1.01, 532.4, 1.7, 95.1, 250
Kappa15LFA,   159, 0.38, 0.41, 6.08, 39, 105, 0.15, 1, 5.4, 1.27, 856.3, 5.5, 99, 600
OmegaPro18C,  639, 0.28, 0.29, 6.41, 23, 137, 0.34, 1, 2.5, 0.61, 1159, 4.8, 96.4, 800
Kilomax PRO 18A, 239.9, 0.56, 0.58, 14.24, 33, 186, 0.13, 1, 5.84, 1159, 9.8, 95.5, 1250
Sigma Pro 18-2, 441.2, 0.29, 0.30, 8.28, 28, 130, 0.24, 1, 6.29, 1.9, 1140.1, 6, 95, 650
LAB12,        125.2, 0.38, 0.39, 13.32, 22, 146, 0.35, 1, 4.29, 1.48, 506.7, 13, 89.2, 400
LAB15,        103.61, 0.35, 0.37, 5.36, 28, 308, 0.11, 1, 4.9, 3.23, 823.7, 11.8, 88.5, 600
Deltalite II 2515, 204, 0.38, 0.41, 4.56, 42, 72, 0.20, 1, 5.29, 1.15, 856.3, 4.8, 99.2, 300