# Name          Vas  Qts   Qes   Qms   Fs   mms, cms, nvc Re1  Le1   Sd  Xmax  SPL  Pmax
4-300/25s, 6.5, 0.29, 0.31, 4.35, 56,  0.0, 0.0, 1, 6.1, 0.0,  55, 2,    85,    40
4-300/25,  4.8, 0.32, 0.4,  1.72, 61,  0.0, 0.0, 1, 6,   0.0,  55, 2,    88,    50
5-880/25,  8.7, 0.38, 0.46, 2.29, 52,  0.0, 0.0, 1, 6.6, 0.0,  82, 3,    87,    50
5-302/C8/25, 9,  0.39, 0.42, 6.55, 50, 9.0, 1.03, 1, 5.3, 0.45, 80, 4, 88, 50 
7-372/32,   44, 0.27, 0.29, 3.78, 32,  0.0, 0.0, 1, 7.0, 0.0, 137, 5.25, 88,    80
7-375/32,   26, 0.32, 0.37,  2.4, 38,  0.0, 0.0, 1, 6.8, 0.0, 137, 7,    88,    70
7-360/37,   20, 0.36, 0.42, 2.74, 43,  0.0, 0.0, 1, 5.6, 0.0, 137, 3,    89,   100
8-472/32,  120, 0.29, 0.32, 3.55, 24,  0.0, 0.0, 1, 7,   0.0, 219, 5.25, 88,    90
8-800/37,   45, 0.39, 0.46, 2.44, 36,  0.0, 0.0, 1, 5.5, 0.0, 235, 3,    89,   120
11-581/50, 153, 0.3,  0.31, 6.68, 21, 67, 0.0, 1, 5.2, 1.18, 366, 5, 91, 150
7-202/C8/32HEX, 26.37, 0.30, 0.32, 5.61, 39, 16.2, 1.00, 1, 6.6, 0.92, 137, 4.5, 89, 80
7-302/C8/32HEX, 25.0, 0.31, 0.32, 6.03, 40, 17.7, 0.95, 1, 6.6, 0.95, 137, 4.5, 89, 80