# Name     Vas  Qts   Qes   Qms   Fs  mms  cms nvc Re   Le Sd   Xmax  SPL  Pmax
c16n001/f,  15, 0.49, 0.58, 3.24, 37, 14.6, 1.3, 1, 3.2, 0.27, 94, 7, 85, 80
m15ch002,    6, 0.4,  0.52, 1.7, 67, 6.8, 0.83,1, 4.9, 0.43,  75, 3, 88,  70
w11cy001,  7.5, 0.34, 0.42, 1.8, 65, 5.5, 1.1, 1, 5.7, 0.32,  50, 3, 86,  75
w11cy002,  5.8, 0.31, 0.37, 1.9, 46, 7.2, 1.7, 1, 5.6, 0.32,  50, 3, 85,  75
w12cy001,  5.8, 0.32, 0.37, 2.2, 46, 7,   1.7, 1, 5.6, 0.3,   50, 3, 85,  70
w12cy003,    4, 0.37, 0.44, 2.3, 60, 6.1, 1.2, 1, 5.5, 0.41,  50, 3, 85,  70
w14cy001,   11, 0.35, 0.44, 1.8, 43, 9.6, 1.4, 1, 5.4, 0.37,  75, 3, 87,  75
w15ch001,   14, 0.42, 0.5,  2.6, 38, 9.5, 1.8, 1, 5.5, 0.49,  75, 4, 85,  70
w15cy001,   14, 0.36, 0.43, 2.2, 38, 9.5, 1.8, 1, 5.5, 0.49,  75, 4, 85,  70
w15ly001,   12, 0.45, 0.56, 2.2, 49, 6.3, 1.7, 1, 5.7, 0.3,   75, 5, 86,  60
c16n001/f,12.1, 0.49, 0.58, 3.34,42.6,14.6,0.96,1,3.2, 0.19, 95, 7, 84.1, 80
w17e002,    29, 0.32, 0.37, 2.4, 34, 15,  1.5, 1, 6.4, 0.4,  126, 4, 87, 100
w17ex001,   27, 0.32, 0.35, 3.4, 37, 15,  1.2, 1, 6.1, 0.32, 130, 4, 89, 100
w18e001,    30, 0.42, 0.49, 2.9, 34, 15,  1.5, 1, 6.1, 0.65, 126, 5, 86, 100
w18e001tv,  37, 0.34, 0.39, 2.5, 31, 15,  1.8, 1, 6.1, 0.4,  126, 5, 86, 100
w18ex001,   37, 0.24, 0.27, 2.0, 31, 15,  1.8, 1, 6.1, 0.40, 126, 5, 88, 100
w18nx001,   24, 0.34, 0.41, 2.1, 40, 14,  1.1, 1, 6.3, 0.43, 126, 7, 87,  80
w21e002,    69, 0.47, 0.55, 3.2, 29, 28,  1.1, 1, 6.4, 0.4,  220, 4, 89, 120
w21e002-4,  69, 0.51, 0.58, 4.4, 33, 26,  0.89,1, 2.9, 0.24, 220, 4, 89, 120
w21ex002,   69, 0.36, 0.41, 2.7, 28, 29,  1.1, 1, 6.4, 0.5,  220, 5, 91, 120
w22ex001,   98, 0.34, 0.41, 2.1, 25, 26,  1.6, 1, 6.1, 0.61, 220, 5, 88, 120
w22ny001, 76.3, 0.28, 0.34, 1.70, 35, 18.0, 1.17, 1, 6.3, 0.81, 216, 4, 91.8, 80
w26fx001,  161, 0.35, 0.41, 2.3, 20, 56,  1.1, 1, 6.3, 1.4,  330, 7, 87, 150
w26fx002,   87, 0.40, 0.47, 2.6, 31, 42,  0.63,1, 6.2, 1.8,  330, 7, 89, 100
