# Name      Vas  Qts   Qes   Qms       Fs    mms     cms nvc Re   Le    Sd   Xmax  SPL  Pmax
SHX-8S4,   20.3, 0.436, 0.478, 4.967, 41.3,  43.95, 0.3367,   1, 3.3, 0, 206.1, 7, 86.7, 200
SHX-8D4,   18.1, 0.467, 0.531, 3.847, 45.0,  41.59, 0.300559, 2, 3.4, 0, 206.1, 7, 86.8, 200
SHX-10S4,  28.6, 0.44,  0.482, 5.774, 34.4, 104.56, 0.2041,   1, 3.2, 0, 314.16, 9.5, 85.7, 300 
SHX-10D4,  31.66,0.534, 0.599, 4.933, 33.8,  98.13, 0.2258,   2, 3.4, 0, 314.159, 9.5, 85, 300
SHX-12S4,  72.9, 0.441, 0.479, 5.450, 30.5, 138.67, 0.1969,   1, 3.2, 0, 510.7,   9.5, 88.2, 400
SHX-12D4,  84.84,0.451, 0.499, 4.652, 28.2, 139,    0.229056  2, 3.4, 0, 510.7,   9.5, 87.7, 400
SHX-15D2, 166.86,0.519, 0.573, 5.548, 27.4, 170.75, 0.17075,  2, 2,   0, 829.58, 12,   89.7, 500
SHX-15D4, 134.84,0.606, 0.679, 5.633, 28.9, 219.09, 0.13735,  2, 3.4, 0, 829.58, 12,   88.7, 500 

















