# Name     Vas    Qts   Qes   Qms   Fs     mms    cms    nvc  Re   Le   Sd  Xmax  SPL  Pmax
5W3211B,   13.2,  0.36, 0.39, 4.23, 46.6,   9.3,  1.253, 1, 6.6,  0.0578,  86.6,  3.5, 87.2,   50
6W4311B,   18.6,  0.48, 0.51, 8.24, 52.3,  13.07, 0.708, 1, 8.18, 0.81,   136.8,  5,   87.83,  90
7W4411,    33.9,  0.36, 0.39, 7,    39.5,  18.33, 0.885, 1, 7.8,  0.69,   165.1,  5.5, 87.98,  90 
11V5552,   24.13, 0.497,0.560, 4.44, 40.46, 98.475, 1.7112, 1, 3.00, 0, 330, 6, 86.8, 200
11V7512D, 136.37, 0.29, 0.35, 1.68, 24.46, 52.31, 0.809, 1, 5.8,  1.16,   346.36, 8,   89.4,  225
11W7670,  22.91,  0.45, 0.48, 7.31, 44.59, 85.09, 0,     1, 3.3,  1,      330.06 ,8,   88.11, 200
13V7512D, 428.65, 0.30, 0.36, 1.8,  18.9,  70.68, 1.0,   1, 5.8,  1.16,   551.55, 8,   90.89, 250
13WX,      89,    0.37, 0.42, 2.83, 33.6, 108.9,  0.208, 1, 6.25, 70.6,   551.5,  6,   90.9,  175  
15WX,     318.9,  0.35, 0.41, 2.54, 24.4, 137.54, 0.310, 1, 6.35, 2.15,   855.3,  6,   92.4,  225
13W7653,  30.89, 0.39, 0.42, 5.61, 45.99, 153.51, 0.079, 1, 3.2,  0,     530.93 , 4.5, 90.6, 200