# Name   Vas  Qts   Qes   Qms  Fs   mms  cms  nvc  Re   Le   Sd  Xmax  SPL  Pmax
fe126e,	 4.1, 0.36, 0.39, 4.3, 91, 4.23, 0.72, 1, 7.08, 0.59, 64, 0.35, 93, 15
FE103En,  5.95, 0.33, 0.377, 2.747, 83, 2.55, 1.65,  1, 7.5, 0.0398, 50, 0.6, 89, 5
fw208n, 43.423, 0.2, 0.21, 13.2, 29, 40, 0, 1, 5.8, 0, 206, 1, 90, 34
FE108ES,  5.7,  0.3,  0.32,  7.79,  77, 2.7,  1.59,  1, 6.8,  0.038, 50, 0.28, 90, 8
FE126E,	  4.1,  0.36, 0.39,  4.3,   91, 4.23, 0.72,  1, 7.08, 0.59, 64, 0.35, 93, 15
FE126En,  8.5,  0.3,  0.33,  4.8,   83, 2.8,  1.35,  1, 7.2, 0.035, 65, 0.35, 93, 15
FE166En, 37.02, 0.25, 0.266, 3.426, 53, 6.8,  1.474, 1, 7.2, 0.052, 133, 1.0, 94, 22
FE206En, 70.99, 0.19, 0.194, 4.57,  45, 12.2, 1.172, 1, 6.8, 0.0525, 206, 0.8, 96, 30
FE83En,   0.7,  0.84, 1.057, 4.06, 165, 1.53, 0.622, 1, 7.5, 0.0267, 28.3, 0.15, 88, 5
