# Name 	 Vas   Qts   Qes   Qms   Fs     mms    cms  nvc Re   Le    Sd   Xmax  SPL  Pmax
ax5,    10.7,  0.56, 0.62, 5.46, 68,     5.2,  1.06, 1, 6.0, 0.08,  85, 1.8, 89.3,  10
ax6,    28.3,  0.46, 0.49, 6.77, 54,     7.5,  1.15, 1, 5.9, 0.12, 133, 2.7, 91.6,  10
ax8,    91.7,  0.49, 0.56, 5.69, 37.6,  11.7,  1.52, 1, 6.3, 0.17, 211, 2.9, 91.7,  10 
axp06,  26.2,  0.32, 0.35, 3.87, 57,     8.9,  0.89, 1, 6.7, 0.15, 145, 4,   93.50, 50
axp08,  46.6,  0.43, 0.49, 3.76, 52,     12.7, 0.75, 1, 6.6, 0.24, 211, 5,   93.20, 50
axp10,  37.0,  0.36, 0.39, 4.37, 57.6,  37.3, 0.205, 1, 6.8, 0.54, 360, 6.25, 94.6, 100
axp12,  108.9, 0.38, 0.41, 4.95, 44.5,  42.0, 0.303, 1, 6.9, 0.64, 507, 6.25, 95.8, 100 
axt04,  2.29,  0.48, 0.56, 3.47, 89,    2.9,   0,    1, 3.0, 0.08, 38, 4, 86.6, 10
axt05,   7.2,  0.41, 0.44, 6.55, 71,     7.6,  0.66, 1, 6.20, 0.4,  88, 3,   89.7,  10
axt06,  19.8,  0.32, 0.34, 6.82, 46,    13.9,  0.86, 1, 6.80, 0.55,129, 3.9, 89.6,  10
axt08,  52.20, 0.30, 0.32, 7.65, 38,    20.8,  0.84, 1, 6.80, 0.4, 211, 4.9, 91.6,  10
axt10,  119,   0.28, 0.3,  5.73, 31.1,  39.6,  0.66, 1, 6.2, 1.72, 360, 6.25, 92.9, 100
axt12,  247,   0.25, 0.26, 5.5,  23.4,  67.2,  0.69, 1, 6.4, 1.64, 507, 6.25, 92.9, 100
W160al,	22,    0.50, 0.63, 2.3,  45,    13,    0,    1, 6.23, 1.1, 127, 3,   87,    80 
