# Name         Vas   Qts   Qes   Qms   Fs   mms  cms nvc Re   Le    Sd   Xmax  SPL  Pmax
GZTW10MK2,     39.3, 0.6,  0.66, 6.42, 33.1, 0, 0, 1, 4, 1, 315, 14, 85.2, 300
GZTW12MK2,    148.6, 0.48, 0.55, 4.04, 22.5, 0, 0, 1, 4, 1, 450, 14, 86.7, 400
GZRW 10     ,   41  , 0.39 , 0.4  , 13.64 , 29.5 , 97  ,295 , 1 ,3.7  , 1 ,315 , 18 ,    89.4   ,   400
GZRW 12	    ,   107 , 0.44 , 0.45 , 14.43 , 26   , 105 ,379 , 1 ,3.7  , 1 ,450 , 18 ,	   91  	,   500
GZRW 15	    ,   270 , 0.47 , 0.49 , 12.36 , 24   , 128 ,339 , 1 ,3.7  , 1 ,755 , 18 ,	   92.5	,   600
GZRW 12S-AL ,   100 , 0.44 , 0.45 , 14.4  , 27   , 97  ,379 , 1 ,3.7  , 1 ,450 , 18 ,	   91.4	,   500
GZRW 12D-AL ,   106 , 0.44 , 0.45 , 14.4  , 26   , 102 ,379 , 2 ,3.7  , 1 ,450 , 18 ,	   91.3	,   500
# Name          Vas   Qts    Qes      Qms   Fs     mms   cms  nvc  Re   Le   Sd   Xmax  SPL  Pmax
GZHW 10     ,   62  , 0.338 , 0.356 , 6.5 , 24.6 , 122 , 343 , 1 , 3.7 , 1 , 357 , 50, 86,        600 
GZHW 12	    ,   75  , 0.453 , 0.486 , 6.7 , 26   , 179 , 202 , 1 , 3.7 , 1 , 511 , 50, 86.4,	   800 
GZHW 15	    ,   170 , 0.453 , 0.464 , 7   , 26   , 221 , 168 , 1 , 3.7 , 1 , 844 , 50, 90,	   1000
# Name     Vas   Qts    Qes   Qms   Fs  mms cms nvc Re Le  Sd   Xmax  SPL  Pmax
GZPW15SPL, 68,   0.28, 0.3,  3.6,  30.2, 297, 0, 2, 1, 1, 779,  18.5, 93.4, 5000
GZPW18SPL, 96.6, 0.19, 0.21, 2.09, 36,   428, 0, 2, 1, 1, 1100, 18.5, 98.1, 5000
GZPW15XQ,  49,   0.28, 0.3,  3.5,  30,   427, 0, 2, 2, 1, 779,  18.5, 91.5, 5000

