# Name         Vas  Qts   Qes    Qms    Fs  mms  cms nvc Re Le Sd   Xmax  SPL  Pmax
C104   ,    64.4,  0.45,  0.47,  9.65, 29.4, 0, 0, 1, 4, 0,   370, 10,   87.0,  150 
C108   ,    64.4,  0.45,  0.47,  9.65, 29.4, 0, 0, 1, 8, 0,   370, 10,   87.0,  150 
C124   ,   128.0,  0.43,  0.45,  9.61, 26.5, 0, 0, 1, 4, 0,   531, 10,   89.0,  150 
C128   ,   128.0,  0.43,  0.45,  9.61, 26.5, 0, 0, 1, 8, 0,   531, 10,   89.0,  150 
C154   ,   272.0,  0.38,  0.4 , 11.2 , 21.7, 0, 0, 1, 4, 0,   856, 12,   90.0,  250 
C158   ,   272.0,  0.38,  0.4 , 11.2 , 21.7, 0, 0, 1, 8, 0,   856, 12,   90.0,  250 
C84    ,    19.5,  0.52,  0.54, 10.0 , 40.2, 0, 0, 1, 4, 0,   206,  9,   86.0,  100 
C88    ,    19.5,  0.52,  0.54, 10.0 , 40.2, 0, 0, 1, 8, 0,   206,  9,   86.0,  100 
CVR102 ,    40.2,  0.59,  0.64,  8.93, 33.2, 0, 0, 2, 2, 0,   379, 13,   86.0,  400 
CVR104 ,    40.2,  0.59,  0.64,  8.93, 33.2, 0, 0, 2, 4, 0,   379, 13,   86.0,  400 
CVR122 ,    95.4,  0.53,  0.56,  9.99, 26.1, 0, 0, 2, 2, 0,   531, 13,   87.0,  400 
CVR124 ,    95.4,  0.53,  0.56,  9.99, 26.1, 0, 0, 2, 4, 0,   531, 13,   87.0,  400 
CVR152 ,   261.0,  0.43,  0.44, 10.8 , 20.8, 0, 0, 2, 2, 0,   881, 13,   89.0,  500 
CVR154 ,   261.0,  0.43,  0.44, 10.8 , 20.8, 0, 0, 2, 4, 0,   881, 13,   89.0,  500 
CVR82  ,    14.0,  0.83,  0.91,  9.36, 44.3, 0, 0, 2, 2, 0,   214, 10,   83.0,  200 
CVR84  ,    14.0,  0.83,  0.91,  9.36, 44.3, 0, 0, 2, 4, 0,   214, 10,   83.0,  200 
CVT102 ,    37.1,  0.44,  0.46,  9.56, 32.7, 0, 0, 1, 2, 0,   379, 13,   87.0,  400 
CVT104 ,    37.1,  0.44,  0.46,  9.56, 32.7, 0, 0, 1, 4, 0,   379, 13,   87.0,  400 
CVT122 ,    61.0,  0.52,  0.55, 10.16, 32.3, 0, 0, 1, 2, 0,   532, 13,   87.0,  400 
CVT124 ,    61.0,  0.52,  0.55, 10.16, 32.3, 0, 0, 1, 4, 0,   532, 13,   87.0,  400 
CVT652 ,     9.3,  0.67,  0.72,  9.43, 53.9, 0, 0, 1, 2, 0,   133,  5,   85.0,  150 
CVT654 ,     9.3,  0.67,  0.72,  9.43, 53.9, 0, 0, 1, 4, 0,   133,  5,   85.0,  150 
CVT82  ,    10.3,  0.57,  0.6 , 10.64, 49.2, 0, 0, 1, 2, 0,   206,  6,   85.0,  200 
CVT84  ,    10.3,  0.57,  0.6 , 10.64, 49.2, 0, 0, 1, 4, 0,   206,  6,   85.0,  200 
CVX102 ,    29.0,  0.37,  0.38, 11.0 , 33.6, 0, 0, 2, 2, 0,   379, 15,   87.2,  600 
CVX104 ,    29.7,  0.42,  0.44,  9.81, 35.3, 0, 0, 2, 4, 0,   379, 15,   86.6,  600 
CVX122 ,    59.0,  0.36,  0.37, 11.6 , 26.4, 0, 0, 2, 2, 0,   531, 15,   87.1,  750 
CVX124 ,    63.0,  0.38,  0.4 ,  9.6 , 27.6, 0, 0, 2, 4, 0,   531, 15,   87.2,  750 
CVX152 ,   200.0,  0.31,  0.32, 10.3 , 21.5, 0, 0, 2, 2, 0,   881, 17,   92.3, 1000 
CVX154 ,   183.0,  0.35,  0.36, 10.9 , 23.6, 0, 0, 2, 4, 0,   881, 17,   90.2, 1000 
S10C2  ,    39.9,  0.35,  0.37,  9.82, 29.5, 0, 0, 2, 2, 0,   355, 16,   86.0,  450 
S10C4  ,    42.0,  0.37,  0.39,  8.58, 28.3, 0, 0, 2, 4, 0,   355, 16,   86.0,  450 
S10L3  ,    40.8,  0.61,  0.66,  9.08, 32.9, 0, 0, 1, 4, 0,   440,  1,   85.3,  400 
S10L52 ,    44.1,  0.41,  0.43,  9.29, 29.8, 0, 0, 2, 2, 0,   439, 15,   86.3,  450 
S10L54 ,    42.2,  0.49,  0.52,  9.45, 32.1, 0, 0, 2, 4, 0,   439, 15,   86.2,  450 
S10L72 ,    33.2,  0.42,  0.45,  6.15, 34.7, 0, 0, 2, 2, 0,   439, 14,   86.8,  600 
S10L74 ,    32.3,  0.52,  0.57,  5.85, 36.4, 0, 0, 2, 4, 0,   439, 14,   86.3,  600 
S10X2  ,    20.4,  0.38,  0.39, 10.3 , 36.2, 0, 0, 2, 2, 0,   480, 23,   85.7, 2500 
S10X4  ,    19.0,  0.47,  0.5 ,  9.95, 40.5, 0, 0, 2, 4, 0,   480, 23,   86.0, 2500 
S12C2  ,    75.8,  0.47,  0.5 ,  9.9 , 26.9, 0, 0, 2, 2, 0,   519, 16,   87.0,  600 
S12C4  ,    77.2,  0.44,  0.47,  8.93, 26.2, 0, 0, 2, 4, 0,   519, 16,   87.0,  600 
S12L3  ,    71.1,  0.73,  0.79,  9.19, 31.4, 0, 0, 1, 4, 0,   640,  1,   86.3,  400 
S12L52 ,    81.1,  0.51,  0.54,  8.86, 27.5, 0, 0, 2, 2, 0,   645, 15,   86.8,  600 
S12L54 ,    76.3,  0.58,  0.62,  9.93, 29.5, 0, 0, 2, 4, 0,   645, 15,   86.9,  600 
S12L72 ,    45.6,  0.5 ,  0.51,  6.26, 34.9, 0, 0, 2, 2, 0,   645, 14,   87.3,  750 
S12L74 ,    45.5,  0.53,  0.59,  5.74, 31.6, 0, 0, 2, 4, 0,   645, 14,   87.5,  750 
S12X2  ,    33.1,  0.44,  0.46, 10.1 , 37.8, 0, 0, 2, 2, 0,   689, 23,   87.6, 2500 
S12X4  ,    39.5,  0.52,  0.55,  9.44, 37.8, 0, 0, 2, 4, 0,   689, 23,   87.8, 2500 
S15C2  ,   197.0,  0.42,  0.44,  9.02, 21.3, 0, 0, 2, 2, 0,   840, 18,   88.0,  750 
S15C4  ,   205.0,  0.45,  0.47,  9.22, 21.7, 0, 0, 2, 4, 0,   840, 18,   88.0,  750 
S15L3  ,   204.9,  0.42,  0.44,  9.88, 24.6, 0, 0, 1, 4, 0,  1000,  1,   90.3,  500 
S15L52 ,   235.0,  0.49,  0.51, 10.1 , 20.1, 0, 0, 2, 2, 0,  1056, 17,   87.6,  750 
S15L54 ,   261.0,  0.48,  0.51, 10.2 , 19.7, 0, 0, 2, 4, 0,  1056, 17,   87.8,  750 
S15L72 ,   157.0,  0.48,  0.51,  7.49, 26.2, 0, 0, 2, 2, 0,  1056, 16,   89.3, 1000 
S15L74 ,   166.0,  0.49,  0.53,  6.58, 26.3, 0, 0, 2, 4, 0,  1056, 16,   89.4, 1000 
S18X2  ,   178.0,  0.28,  0.29,  7.83, 22.2, 0, 0, 2, 2, 0,  1426, 25,   89.7, 5000 
S18X4  ,   158.0,  0.41,  0.43,  7.3 , 25.2, 0, 0, 2, 4, 0,  1426, 25,   89.6, 5000 
S8C2   ,    12.0,  0.52,  0.55,  8.52, 33.9, 0, 0, 2, 2, 0,   206, 11,   83.0,  300 
S8C4   ,    11.9,  0.59,  0.63,  8.39, 40.1, 0, 0, 2, 4, 0,   206, 11,   83.0,  300
S8L52  ,    10.4,  0.81,  0.89,  9.3 , 45.2, 0, 0, 2, 2, 0,   273, 11,   82.2,  300 
S8L54  ,    10.3,  0.92,  1.0 ,  9.4 , 47.3, 0, 0, 2, 4, 0,   273, 11,   82.2,  300 
S8L72  ,     9.8,  0.57,  0.63,  6.99, 41.9, 0, 0, 2, 2, 0,   273, 12,   82.5,  450 
S8L74  ,    10.2,  0.63,  0.69,  7.18, 46.5, 0, 0, 2, 4, 0,   273, 12,   83.6,  450 
 