# Name             Vas  Qts   Qes   Qms   Fs  mms  cms   nvc Re1 Le1   Sd   Xmax  SPL  Pmax
AWM104,           21.8, 0.34, 0.37, 4.65, 36, 119, 0.164, 1, 3,   2.3,  346, 9,    88,   200
AWM124,           41.2, 0.28, 0.3,  4.76, 35, 149, 0.139, 1, 3,   2.3,  507, 9,    90,   220
AWX184,            315, 0.31, 0.36, 2.4,  28, 203, 0.159, 1, 3.2, 0.5, 1188, 5,    98,   500
AW3000,             93, 0.36, 0.4,  3.8,  27, 129, 0.269, 1, 3,   1.4,  507, 6.3,  89.6, 180
WPP150,           11.5, 0.4,  0.49, 2.1,  48, 8.1, 1.36,  1, 6,   0.5,   77, 3.4,  86,    70
WPP180,           21.2, 0.41, 0.52, 1.9,  46,13.1, 0.91,  1, 6,   0.5,  130, 3.8,  86,    80
XAW180,           33.5, 0.38, 0.41, 4.5,  35,15.1, 1.37,  1, 5.6, 0.5,  132, 4.2,  87.5,  80
XAW210,	            33, 0.27, 0.28, 5.3,  32,45.8, 0.54,  1, 4,   1.3,  209, 7.75, 87.1, 120
XAW310,		        81, 0.31, 0.33, 4.9,  30, 116, 0.243, 1, 2.8, 1.9,  489, 10,   90,   225
Compactor SPL 610,  52, 0.23, 0.24, 5.1,  29,  92, 0.327, 1, 3.2, 1.8,  337, 5.5,  92, 220 
Compactor SPL 812,  95, 0.22, 0.23, 6.3,  27, 128, 0.271, 1, 3.2, 1.9,  499, 5.5,  93, 300
WAL416,             4,  0.55, 0.62, 5.45, 61, 6.9, 0.69,  1, 11.2,0.9,   53, 5.5, 83, 60
mpa WM8,	        43, 0.29, 0.3,  6.1,  43, 20.4, 1, 1, 6.6, 0.2, 214, 5, 92, 120
XAW320HC+0,        106, 0.37, 0.41, 4.2, 22.6, 163, 0.308, 1, 3.2, 0.8, 499, 11, 90, 220
XAW320HC+1,        106, 0.43, 0.48, 4.87,19.5, 219, 0.308, 1, 3.2, 0.8, 499, 11, 90, 220
XAW320HC+2,        106, 0.48, 0.53, 5.3, 17.6, 270, 0.308, 1, 3.2, 0.8, 499, 11, 90, 220
XAW320HC+3,        106, 0.52, 0.57, 5.89,16.1, 320, 0.308, 1, 3.2, 0.8, 499, 11, 90, 220
