# Name         Vas  Qts   Qes   Qms  Fs  mms  cms  nvc Re1  Le1    Sd  Xmax  SPL  Pmax
sph165kep,      38, 0.31, 0.33, 4.85, 30, 17, 1.71, 1, 6,   0.7,  127, 4.75, 89, 60
sph8xtb,        54, 0.54, 0.63, 3.71, 34, 30, 0.72, 1, 3.7, 0.5,   230, 9,   87, 80
sp200x,         48, 0.52, 0.7,  1.96, 50, 11.5, 0.77, 1, 7.2, 0.3, 210, 1.6, 92, 35
sph200tc,       65, 0.24, 0.25, 6.2, 28,  32, 1.0,  2, 6.8, 1.0,  210, 3.8, 88, 120
sph200ctc,      75, 0.22, 0.23, 4.9, 22,  45, 1.2,  2, 6.8, 1.0,  214, 3.8, 88, 120
sph200ke,       54, 0.38, 0.41, 4.65, 28, 37, 0.89, 1, 6.2, 0.75, 207, 4.75, 90, 80
sph250tc,       84, 0.25, 0.27, 3.3, 26,  55, 0.5,  2, 6.8, 1.1,  346, 4.5, 91, 200
sph250ctc,     220, 0.25, 0.26, 5.1, 20,  70, 1.0,  2, 6.8, 1.0,  343, 4.5, 91, 200
sph300tc,      290, 0.24, 0.36, 3.0, 23,  68, 0.85, 2, 6.3, 1.0,  495,   4, 91, 240
sph300ctc,     225, 0.19, 0.20, 6.5, 18, 100, 0.75, 2,   6, 1.1,  495, 5.4, 92, 300
sph380tc,      275, 0.28, 0.31, 2.8, 22, 200, 0.28, 2, 3.6, 1.1,  840,  11, 89, 500
sph390tc,      284, 0.26, 0.29, 6.4, 23, 160, 0.3,  2, 6,   1.3,  850,   7, 96, 300
sph450tc,      480, 0.25, 0.27, 3.0, 20, 305, 0.22, 2, 3.7, 1.1, 1250,  13, 93, 700
sp8/150pro,     22, 0.32, 0.41, 1.52,56, 22.8, 0.35, 1, 7.2, 2.0, 213,   6, 93, 150
sph-176,        27, 0.37, 0.44, 2.27,39, 14,  1.1,    1, 6.6, 0.75, 140, 6.5,  88, 70
SP-46A/500BS,  250, 0.48, 0.54, 4.75, 36, 141, 0.13, 1, 6, 1.65, 1163, 6, 98, 500
SPA-45PA,      440, 0.46, 0.52, 3.77, 29, 136, 0.21, 1, 5.8, 1.0, 1225, 2, 98, 300
