# Name         Vas  Qts   Qes   Qms   Fs  mms  cms nvc Re   Le Sd   Xmax  SPL  Pmax
SDS106TV(KT),   3.48, 0.39, 0.43, 4.47, 62.32, 6.62, 0.99, 1, 5.9, 0.36, 50, 3,   85, 50
SDS106(830856), 3.3,  0.35, 0.38, 3.8,  62.4,  6.6,  0.99, 1, 5.6, 0.9,  49, 3,   85, 50 
SDS106(830851), 3.8,  0.53, 0.65, 2.95, 62.6,  5.8,  1.11, 1, 6.1, 1,    50, 1.8, 85, 50
HDS106PPB,       2.3, 0.56, 0.73,  2.36, 84.5,   6,   0.58, 1, 5.6, 0.58, 53,  3,   84.8,  40
HDS Nomex 164,  18,   0.39, 0.45,  2.7,  48,    17,   0,    1, 6.4, 1.3, 140,  5.5, 89,    70
HDS Nomex 205,  70,   0.38, 0.41,  5.7,  30,    31,   0.92, 1, 5.9, 1.8, 235,  4.5, 89,    70
sls10 (830668), 69.3, 0.51, 0.57, 4.85, 33.3, 51.1, 0.45, 1, 5.6, 3.3, 335, 8, 88.7, 100
xxls10/4,       88.4, 0.19, 0.19,  8.74, 19.2, 133.8, 0.52, 1, 2.6, 4.2, 352, 12.5, 88.4, 175
xxls10/8,       86.7, 0.44, 0.47,  9.03, 25,    79.9, 0.51, 1, 5.8, 2.8, 352, 12.5, 87.2, 175
xxls10/8/dvc,	82,   0.33, 0.34,  9.2,  24,    90,   0.48, 2, 5.2, 1.6, 350, 12.5, 86,   175
xxls10/alu,    103.4, 0.3,  0.32,  8.4,  20.8,  96.7, 0.6,  1, 2.6, 1.8, 352, 13,   90.3, 200
xxls12/4,      156.5, 0.2,  0.2,   8.21, 17.7, 155.9, 0.52, 1, 2.8, 4.2, 466, 12.5, 90.3, 175
xxls12/8,      162.5, 0.45, 0.47,  9.68, 21.5, 101.4, 0.54, 1, 5.9, 3.6, 466, 12.5, 88,   175
xxls12/8/dvc,  140,   0.36, 0.37, 10.2,  22,   110,   0.48, 2, 5.0, 1.8, 470, 12.5, 86,   175
xxls12/alu,    159,   0.37, 0.38,  9.29, 19.1, 130.6, 0.53, 1, 2.6, 1.6, 466, 13,   91.2, 200
sls12,         172.4, 0.47, 0.51,  6.7,  28,    75.4, 0.43, 1, 5.7, 3.1, 540, 8,    91.2, 100
sls6,          12.7,  0.31, 0.33,  6.2,  36.1,  35.2, 0.55, 1, 2.8, 1.5, 129, 8,    91.2, 50
sls w 10-39/08, 69.3, 0.51, 0.57,  4.85, 33.3,  51.1, 0,    1, 5.6, 3.3, 335, 8,    88.7, 80  
sls8,         33.1,  0.54, 0.59, 7.8, 36.5, 33, 0.57, 1, 5.4, 2.1, 204, 8.5, 88, 220