# Name         Vas  Qts   Qes   Qms   Fs  mms  cms nvc Re   Le Sd   Xmax  SPL  Pmax
L18S801,       206, 0.29, 0.30,  8.3, 39, 148, 0, 1, 4.9, 1.7, 1130, 6.8, 99.5, 700
LF18G400,      360, 0.270,0.285, 4.6, 28, 190, 0, 1, 5.1, 2.3, 1220, 5.5, 97.5, 1000
LF18G401,      268, 0.29, 0.30,  7.6, 33, 182, 0, 1, 4.8, 2.4, 1220, 8.5, 98, 900
LF18P300,      226, 0.33, 0.34,  8.3, 33, 180, 0, 1, 5.0, 1.9, 1130, 7.8, 97, 1000
LF18X401,      274, 0.30, 0.31,  7.4, 30, 215, 0, 1, 5.4, 2.5, 1220, 7.5, 97.5, 1500 
LF18X451,      220, 0.28, 0.29,  6.7, 30, 260, 0, 1, 5.4, 2.9, 1220, 9.5, 97, 1800 
LF21N451,      375, 0.26, 0.27,  6,   30, 315, 0, 1, 5.6, 3, 1730, 9.5, 98.5, 1500
LF21X451,      385, 0.37, 0.39,  6.9, 28, 355, 0, 1, 5.4, 1.4, 1730, 9.5, 97, 2000
LF21N551,      200, 0.33, 0.35,  6.2, 35, 434, 0, 1, 5.2, 3.2, 1730, 10.25, 97, 2000
L8S800,	        22, 0.41, 0.46,  4.1, 60, 21, 0.34, 1, 6.1, 0.9, 213, 4, 93, 170
LF15G401,       150, 0.26, 0.27, 6.2, 36, 150, 0, 1, 4.8, 2.5, 910, 5.5, 97, 800


