# Name         Vas  Qts   Qes   Qms   Fs  mms  cms nvc Re   Le Sd   Xmax  SPL  Pmax
RE8,	       27.1, 0.34,0.38,4.21, 22.8 ,  93.3, 0.522, 2, 3.2, 1, 195 , 12, 81.2, 175       
RE10,	       75.6, 0.36,0.39,4.37, 21.5 , 102.5, 0.535, 2, 3.2, 1, 322 , 12, 84.7, 175           
RE12,	       182,  0.38,0.42,4.27, 20   , 118.7, 0.534, 2, 3.2, 1, 500 , 12, 87.3, 175 	       
SR10,	       31,   0.36,0.39,5.5 , 25.3 , 167.3, 0.236, 2, 1.8, 1, 310 , 18, 85.3, 300 
SR12,	       85,   0.38,0.41,4.99, 23.6 , 168.2, 0.270, 2, 1.8, 1, 480 , 18, 86.2, 300  
SR15,	       203,  0.41,0.45,4.87, 23   , 211.1, 0.227, 2, 1.8, 1, 810 , 18, 87.6, 300 
SE10,	       31,   0.42,0.46,4.4 , 26.6 , 151.4, 0.236, 2, 2.8, 1, 310 , 18, 83.2, 600 
SE12,	       72.9, 0.44,0.49,4.5 , 25.1 , 173.3, 0.232, 2, 2.8, 1, 480 , 18, 86.1, 600   
SE15,	       209,  0.49,0.55,4.3 , 22   , 224.1, 0.234, 2, 2.8, 1, 810 , 18, 88.0, 600
SX10,	       21.8, 0.27,0.29,4.3 , 30.7 , 161.6, 0.166, 2, 1.9, 1, 310 , 22, 85.2, 1000   
SX12,	       47.6, 0.30,0.32,4.4 , 30.6 , 178.6, 0.151, 2, 1.9, 1, 480 , 22, 88.1, 1000   
SX15,	       126.3,0.38,0.38,4.7 , 27.8 , 232.2, 0.141, 2, 1.9, 1, 810 , 22, 90.4, 1000    
SX18,	       159,  0.48,0.53,6.1 , 33.2 , 288.7, 0.080, 2, 1.9, 1, 1210, 22, 92.7, 1000   
MX12,	       59,   0.43,0.50,3.21, 23.2 , 250.7, 0.188, 2, 1.4, 1, 480 , 22, 83.5, 1500  
MX15, 	       166.3,0.48,0.56,3.1 , 20.8 , 315.1, 0.186, 2, 1.4, 1, 810 , 22, 86.1, 1500    
MX18,	       384.1,0.42,0.48,3.21, 16.72, 471.1, 0.192, 2, 1.4, 1, 1210, 22, 87.6, 1500       
XXX12,	       74,   0.40,0.46,3.29, 21   , 243.9, 0.235, 2, 4.2, 1, 480 , 54, 83.8, 3000
XXX15,	       207,  0.50,0.58,3.62, 19.1 , 300.2, 0.231, 2, 4.2, 1, 810 , 54, 85.8, 3000   
XXX18,         482,  0.55,0.68,2.82, 15.6 , 431.3, 0.241, 2, 4.2, 1, 1210, 54, 86.2, 3000    


