# Name         Vas  Qts   Qes   Qms   Fs  mms  cms nvc Re   Le Sd   Xmax  SPL  Pmax
SB12NRXF25-4, 4.1,  0.48, 0.53, 5.3, 61, 5.8, 1.17, 1, 3.1, 0.27, 50, 5, 87, 30
SB15NRXC30-8, 20.7, 0.33, 0.35, 4.8, 38, 8.1,  2.17, 1, 5.7, 0.14, 82,  5, 88.00, 50
SB17NRXC35-8, 44.5, 0.34, 0.36, 5,  32, 11, 2.25, 1, 5.7, 0.15, 118, 5.5, 89, 60
SB17NRXC35-4, 35.2, 0.32, 0.34, 5.5, 35, 11.6, 1.78, 1, 3.1, 0.13, 118, 5.5, 92, 60
SB23NRXS45-8,  61,  0.4,  0.42, 7.07, 32.5, 24.5, 0.98, 1, 5.6, 0.51, 211, 6.5, 88.5, 60
SB29NRX75,    102,  0.35, 0.38, 5.7, 21, 78, 0.74, 1, 4.2, 1.8, 312, 11, 88.0, 200
SB34NRX75-6,  260,  0.4,  0.43, 5.1, 19, 99,   0.71, 1, 4.2, 1.8, 508,  11, 90, 200
mw13p-8,      15.0, 0.30, 0.33, 3.55, 41.5, 6.8, 2.16, 1, 6.0, 0.15, 70, 5, 87, 40 
mw16p-8,      48,   0.33, 0.35, 4.5, 29, 12.4, 2.4, 1, 6.2, 0.2, 119, 6, 87.5, 60
SB42FHCL75-6, 462, 0.31, 0.32, 7.4, 18.4, 166, 0.45, 1, 4.6, 2.1, 850, 11.5, 93, 300
SB23MFCL45-8, 37, 0.43, 0.46, 7.3, 28.5, 53, 0.59, 1, 6.2, 1.02, 210, 10.5, 85, 150
SB23MFCL45-4, 37, 0.34, 0.36, 7.7, 27, 59, 0.59, 1, 3.3, 0.73, 210, 12, 87.5, 150