# Name     Vas  Qts   Qes   Qms   Fs  mms  cms nvc Re   Le Sd   Xmax  SPL  Pmax
10F8424G00, 2.1, 0.37, 0.41, 3.49, 90, 2.77, 1.13, 1, 5.8, 0.13, 36, 2.6, 86.6, 15
10F8424G00, 2.1, 0.37, 0.41, 3.49, 90, 2.77, 1.13, 1, 5.8, 0.13, 36, 2.6, 86.6, 15
15M4831G00, 24, 0.22, 0.24, 4.8, 35,  11, 0.0, 1, 3.5, 0.17,  95, 4,   90,  40
15M4831G00, 24, 0.22, 0.24, 4.8, 35,  11, 0.0, 1, 3.5, 0.17,  95, 4,   90,  40
15S8531K01, 25.3,0.39,0.42, 5,   32,  12.5, 0.0, 1, 5.8, 0.35, 95, 6.5, 85, 60
15W4531G00, 16, 0.32, 0.34, 4.6, 39,  13, 0.0, 1, 3.4, 0.25,  95, 6.5, 87,  60
15W8530K00, 28, 0.27, 0.29, 4.9, 30,  13, 0.0, 1, 5.8, 0.35,  95, 6.5, 85,  60
15W8530K01, 28, 0.35, 0.38, 4.9, 30,  13, 0.0, 1, 5.8, 0.35,  95, 6.5, 85,  60
18S8535-00, 72, 0.4,  0.47, 2.5, 26,  16, 0.0, 1, 5.8, 0.3,  140, 5,   86, 70
18W8434G00, 19.7, 0.43, 0.46, 7.58, 49.9, 13.7, 0.74, 1, 5.6, 0.55, 137, 4.2, 88.7, 55
18W8434G00, 19.7, 0.43, 0.46, 7.58, 49.9, 13.7, 0.74, 1, 5.6, 0.55, 137, 4.2, 88.7, 55
18W8531G,   59, 0.36, 0.39, 5.1, 28,  17, 0.0, 1, 5.8, 0.35, 150, 6.5, 87,  60
18W8545-00, 48, 0.27, 0.30, 2.3, 28,  20, 0.0, 1, 5.5, 0.4,  145, 6.5, 88, 100
18W8545K00, 48, 0.28, 0.30, 5.2, 28,  20.5,0.0,1, 5.5, 0.4,  145, 6.5, 87.5, 100
22W4534G00, 122.5, 0.28, 0.3,  5.07, 25, 25.8, 1.57, 1, 3.0, 0.42, 235, 5.8, 92.4, 70 
22W8534G00, 94.2,  0.39, 0.43, 4.14, 30, 23.1, 1.22, 1, 5.9, 0.56, 235, 5.8, 88.8, 70
23W4557T00, 46, 0.47, 0.52, 4.8, 20, 100, 0.0, 1, 3.4, 0.45, 230, 13,  82, 225
23W4557T02, 46, 0.47, 0.52, 4.8, 20, 100, 0.0, 1, 3.4, 0.45, 230, 13,  82, 225
26W4558T00, 94.9, 0.31, 0.33, 5.56, 21, 105, 0.55, 1, 2.6, 0.83, 352, 12.5, 88, 150
26W8534G00, 150, 0.40, 0.42, 9.12, 23, 50.5, 0.95, 1, 5.7, 0.96, 350, 6, 89, 80
26W4534G00, 156, 0.36, 0.37, 9.57, 23, 52, 0.92, 1, 3.8, 0.7, 350, 6, 90.5, 90
30W4558T00, 197, 0.32, 0.34, 5.01, 17, 135, 0.65, 1, 2.6, 0.83, 466, 12.5, 89, 350
