# Name               Vas  Qts   Qes   Qms   Fs   mms   cms nvc Re   Le Sd   Xmax  SPL  Pmax
CA12RCY(H1152-08),   5,   0.31, 0.36, 2.17, 57,  6.1,  1.3, 1, 6.4, 1.05, 55, 3.0, 86, 60
CA15RLY (H1216-08),  14,  0.34, 0.42, 1.88, 44,  7.7,  1.7, 1, 5.6, 0.82, 80, 5,87.5, 60
CA22RNX,             97,  0.41, 0.52, 2.04, 29,  20.9, 0,   1, 6.1, 1,   230, 9, 89.5, 80
CA26RE4X(H1316),     164, 0.28, 0.3,  4.0,  25,  38,   1.1, 1, 6.1, 3.1, 350, 4, 91, 80
CA26RFX(H1305),      130, 0.34, 0.4,  2.1,  29,  36,   0.8, 1, 6.3, 2.0, 350, 7, 90, 100
L12RCY/P(H1207-08),  5,   0.29, 0.33, 2.34, 50,  6.8,  1.5, 1, 5.5, 0.76, 50, 3.0, 85.5, 70
L16RNX (H1488-08),   16,  0.36, 0.44, 2.08, 39,  15.3, 1.1, 1, 5.8, 0.48, 104, 6, 85, 80
L18RNX/P(H1224-08),  30,  0.31, 0.36, 2.09, 36,  13.6, 1.4, 1, 5.8, 1.06, 126, 6.0, 88, 100
L26RFX/P(H1209),     170, 0.33, 0.39, 2.1,  20,  53,   1.2, 1, 6.3, 1.8, 330, 7, 88, 125
L26RFX/P(H1209),     170, 0.33, 0.39, 2.1,  20,  53,   1.2, 1, 6.3, 1.8, 330, 7, 88, 125
P21RF/P(H511),       48.3,0.34, 0.42, 1.7,  34,  22,   1.0, 1, 6.4, 0.8, 194, 4, 88, 125
T18RE/XFCTV2(H1333), 52,  0.26, 0.31, 1.6,  26,  14,   2.7, 1, 6.1, 0.79, 120, 3, 87, 80
T18RE/XFCTV2(H1333), 52,  0.26, 0.31, 1.6,  26,  14,   2.7, 1, 6.1, 0.79, 120, 3, 87, 80
W18GP,               18.2,0.37, 0.45, 1.87, 47.7,13.4, 0.84,1, 5.9, 0.25,  126, 6, 88.3, 80
W260 Classic,        177, 0.39, 0.42, 4.28, 25,  39.4, 1.05,1, 6.1, 1.84, 346, 4, 90, 80
L26RFX/P,            171, 0.33, 0.39, 2.15, 20,  53.0, 1.2, 1, 6.3, 1.83, 330, 7, 88, 125
L26RO4Y,             46,  0.27, 0.28, 4.9,  24,  173,  0.26,1, 3.3, 3.85, 363, 14, 85.5, 250