# Name       Vas    Qts    Qes    Qms     Fs    mms   cms  nvc Re1   Le1    Sd   Xmax  SPL  Pmax
RLi-8 2x4,  21.98, 0.280, 0.316, 2.515, 28.9, 78.0, 0.387, 2, 3.7,  1.48, 200, 18.3, 84.11, 500
RLi-8 1x4,  23.44, 0.217, 0.235, 2.798, 25.7, 92.5, 0.413, 1, 3.78, 2.02, 200, 18.3, 84.14, 500
RLi-10 2x4, 44.74, 0.276, 0.303, 3.179, 25.4, 148,  0.266, 2, 2.86, 2.6,  307, 20,   85.65, 500
RLp-12 2x2, 87.73, 0.207, 0.226, 2.470, 23.4, 178,  0.259, 2, 1.85, 2.03, 471, 24.2, 88.81, 1000
RLp-12 2x4, 142.7, 0.219, 0.242, 2.266, 18.9, 169,  0.422, 2, 3.13, 3.69, 471, 24.2, 87.79, 1000
RLp-15 2x2, 163.0, 0.333, 0.363, 4.032, 23.4, 291,  0.159, 2, 1.83, 2.62, 806, 24.6, 89.43, 1000
RLp-15 2x4, 148.8, 0.447, 0.508, 3.728, 27.5, 231,  0.145, 2, 3.05, 2.71, 806, 24.6, 89.67, 1000
RLp-18 2x2, 314.2, 0.436, 0.482, 4.535, 20.7, 377,  0.156, 2, 1.87, 1.66,1188, 27.4, 89.45, 1000
RLp-18 2x4, 276.0, 0.493, 0.554, 4.500, 21.5, 373,  0.138, 2, 3.13, 2.17,1188, 27.4, 89.25, 1000
RLs-12 1x3, 27.65, 0.970, 1.114, 7.459, 31.0, 344,  0.077, 1, 2.88, 2.54, 507, 38.5, 80.5,  2000
RLs-15 1x3, 85.37, 0.953, 1.114, 5.712, 25.5, 491,  0.079, 1, 2.92, 2.45, 876, 38.5, 82.8,  2000
