# Name         Vas  Qts   Qes   Qms   Fs  mms  cms nvc Re   Le Sd   Xmax  SPL  Pmax
135 LB,	       14, 0.3,  0.3,  3.6, 80, 3.3, 1,   1, 5.2, 0, 86.5, 3, 95, 35
165 LB,	       42, 0.39, 0.46, 3.1, 64, 5.5, 1.1, 1, 4.1, 0, 165, 3, 95, 35
165 GMF,       40, 0.39, 0.42, 6.2, 64, 5.5, 1,   1, 5.5, 0, 165, 3, 96, 35
215 RTF 64,    80, 0.58, 0.6,  7,   60, 8.5, 0.8, 1, 6.5, 0, 263, 2, 97, 35
215 RTF 64 bic,75, 0.53, 0.6,  5,   52, 9.5, 0.8, 1, 6.5, 0, 263, 2, 96, 35
215 sig,       85, 0.8,  0.9,  8,   50, 8,   0.8, 1, 6.5, 0, 263, 4, 94, 35
215 sig bic,   85, 0.8,  0.9,  8,   50, 10,  0.8, 1, 5.5, 0, 263, 4, 93, 35
215 GMF,      120, 0.33, 0.35, 6,   45, 10,  1,   1, 8,   0, 283, 5, 97, 40
285 GMF,      150, 0.38, 0.39, 8,   47, 20,  0.6, 1, 6.5, 0, 471, 4, 99, 70
165-2000,      40, 0.78, 0.9,  6,   70, 4.9, 1.1, 1, 4.1, 0, 165, 5, 94, 35
215-2000,     121, 0.23, 0.24, 8,   47, 7,   1,   1, 4,   0, 283, 5, 99, 20
285-2000,     200, 0.2,  0.22, 6,   45, 18.5,0.6, 1, 6.5, 0, 471, 4, 101, 70
400-2000,     450, 0.27, 0.28, 9,   23, 70,  0.6, 1, 6.5, 0, 855, 5, 96, 120
165exc 5V,     45,   1.04, 1.23, 6.83, 65, 5, 1.19, 1, 4.1, 0, 165, 5, 91.8, 35
165exc 6V,     45.9, 0.85, 0.97, 6.82, 65, 5, 1.19, 1, 4.1, 0, 165, 5, 92.9, 35 
165exc 7V,     46,   0.74, 0.84, 6.63, 65, 5, 1.19, 1, 4.1, 0, 165, 5, 93.5, 35
165exc 8V,     46.5, 0.68, 0.76, 6.77, 65, 5, 1.19, 1, 4.1, 0, 165, 5, 93.9, 35
165exc 9V,     46.4, 0.65, 0.71, 6.72, 65, 5, 1.19, 1, 4.1, 0, 165, 5, 94.2, 35
165exc 10V,    46.6, 0.61, 0.68, 6.59, 65, 5, 1.19, 1, 4.1, 0, 165, 5, 94.4, 35
215exc 8V,     46.5, 0.344,0.357,9.506,49, 7, 1, 1, 4, 0, 283, 5, 98, 20
215exc 9V,     46.4, 0.309,0.32, 9.227,49, 7, 1, 1, 4, 0, 283, 5, 98.3, 20
215exc 10V,    46.6, 0.286,0.295,9.174,49, 7, 1, 1, 4, 0, 283, 5, 98.7, 20
215exc 11V,    45,   0.268,0.277,8.303,49, 7, 1, 1, 4, 0, 283, 5, 99, 20
215exc 12V,    45.9, 0.26, 0.269,8.036,49, 7, 1, 1, 4, 0, 283, 5, 99.4, 20 
215exc 13V,    46,   0.25, 0.256,9.419,49, 7, 1, 1, 4, 0, 283, 5, 99.9, 20
285exc 6V,    154,   0.64, 0.68 ,10.48,53, 18.5, 0.49, 1, 6.5, 0, 471, 4, 97.1, 70
285exc 7V,    158,   0.49, 0.51 ,10   ,53, 18.5, 0.49, 1, 6.5, 0, 471, 4, 98.5, 70
285exc 8V,    154  , 0.39 ,0.41 ,9.31 ,53, 18.5, 0.49, 1, 6.5, 0, 471, 4, 99.4, 70
285exc 9V,    156  , 0.31 ,0.32, 9.33 ,53, 18.5, 0.49, 1, 6.5, 0, 471, 4, 100 , 70
285exc 10V,   154  , 0.27 ,0.27 ,8.83 ,53, 18.5, 0.49, 1, 6.5, 0, 471, 4, 101 , 70
285exc 11V,   155,   0.25 ,0.25 ,7.9  ,53, 18.5, 0.49, 1, 6.5, 0, 471, 4, 101,  70
285exc 12V,   154  , 0.21, 0.22 ,8.2  ,53, 18.5, 0.49, 1, 6.5, 0, 471, 4, 102, 70
400exc 5V,    434, 1.011,1.082,15.349,25, 66, 0.5, 1, 6.5, 0, 855, 5, 91.5, 70
400exc 7V,    444, 0.598,0.627,13.531,25, 66, 0.5, 1, 6.5, 0, 855, 5, 94  , 70
400exc 9V,    440, 0.431,0.446,12.801,25, 66, 0.5, 1, 6.5, 0, 855, 5, 95.4, 70
400exc 11V,   433, 0.309,0.317,11.490,25, 66, 0.5, 1, 6.5, 0, 855, 5, 96.8, 70
400exc 13V,   438, 0.236,0.242,10.060,25, 66, 0.5, 1, 6.5, 0, 855, 5, 98.1, 70
400exc 14V,   439, 0.215,0.219,9.935 ,25, 66, 0.5, 1, 6.5, 0, 855, 5, 98.7, 70
400exc 15V,   429, 0.195,0.200,9.334 ,25, 66, 0.5, 1, 6.5, 0, 855, 5, 99.1, 70


 

 
