# Name         Vas  Qts   Qes    Qms    Fs      mms     cms   nvc Re1  Le1    Sd   Xmax  SPL  Pmax
W2-1625S,   0.25,  0.31,  0.32,  6.95,  90,    2.96, 1.034, 1, 6.5, 0.303, 13, 2.0, 81, 20
W2-2040S,   0.27,  0.30,  0.31,  5.9,   75,    4.61, 0.96821, 1, 3.6, 0.22, 14, 4, 77, 10
W3-1750S,   1.81,  0.32,  0.34,  5.5,   65,    6,    0.93134, 1, 6.5, 0.296, 32, 1.75, 84, 25
W3-1876S,   0.88,  0.43,  0.50,  3.17,  55,    9.98, 0.73767, 1, 3.6, 0.19, 27, 5, 76, 15
W3-1878,    3.08,  0.28,  0.34,  1.67,  75,     2.0, 0.2177, 1, 6.5, 0.023, 32, 4.2, 88, 12
W3-2052S,   0.89,  0.34,  0.38,  3.39,  50,    11.97, 0.61473, 1, 3.9, 0.31, 32, 5, 78, 15
W3-315SC,   2.4,   0.61,  0.69,  5.2,   88,     2,    1.152,   1, 6.6, 0.2034,   32,   0.5, 85,  15
W3-316B,    1.72,  0.43,  0.46,  6.68,  100,    2,    1.181, 1, 6.6, 0.1507, 32, 1.3, 88, 15
W3-532SQF,  1.54,  0.72,  0.87,  4.37,  100,   1.99, 1.057, 1, 6.6, 0.075, 32, 0.5, 86, 12  
W3-594A,    1.8,   0.64,  0.71,  6.59,  100,   1.6,   1.234, 1, 6.6, 0.3048, 32, 0.4, 87, 15
W3-871B,    1.66,  0.59,  0.65,  6.57,  110,    1.71, 1.145, 1, 6.6, 0.2947, 32, 0.5, 87, 15
W3-871S,    0.86,  1.09,  1.35,  5.56, 148,     0.0,    0.0,   1, 6.6, 0.0,   32,   0.5, 87,  15
W3-881SJF,  1.89,  0.39,  0.41,  6.44,  100, 2.0,     1.302, 1, 6.6, 0.081, 32, 0.5, 88, 15
W3-926SDF,  1.89,  0.49,  0.54,  5.86,  100,    1.996, 1.302, 1, 6, .084, 32, 0.75, 86, 12 
W4-1337SA,  4.76,  0.37,  0.49,  1.51,  70,     0.0,    0.0,   1, 6.8, 0.0,   57,   3,   87,  25
W4-1720,    5.92,  0.42,  0.51,  2.33, 60,   5, 0, 1, 3.8, 0.037, 57, 5, 86, 30
W4-1879,    9.12,  0.43,  0.51,  2.68,  55,     4.0, 0.1977,   1, 6.3, 0.025, 57,   5.0, 87,  25
W4-655SA,   5.09,  0.32,  0.35,  4.35,  70,     0.0,    0.0,   1,   6, 0.0,   57,   3,   89,  40
W4-657,     4.38,  0.42,  0.47,  4.01,  68.72,  4.71,   0.94,  1, 6.4, 0.4,   52.8, 3.3, 87,  20
W4-657SC,   6.04,  0.36,  0.39,  5.01,  65,     0.0,    0.0,   1,   6, 0.0,   57,   3.3, 88,  40
W4-937SB,   4.86,  0.26,  0.33,  1.22,  65,     0.0,    0.0,   1, 6.8, 0.0,   57,   4.5, 89,  45
W5-1138SMF, 4.85,  0.49,  0.57,  3.56,  45,    28.81,  0.36872, 1, 3.4, 0.34, 94, 9.25, 82, 40
W5-1374SE, 10.6,   0.45,  0.56,  2.5,   50,    11.52,   0.843, 1, 6,  0.073, 94, 3, 85, 28
W5-1685,   12.76,  0.46,  0.53,  3.33,  50,    10.98,   1.017, 1, 3.6, 0.042, 94,   6.1, 86,  45
W5-1880,   26.47, 0.32, 0.38, 1.78, 45, 7.0, 0.2110, 1, 6.3, 0.023, 94, 5.0, 88, 30
W5-876SA,   7.13,  0.33,  0.36,  3.9,   50,     17,     0.0,   1, 6.4, 0.0,   94,   5,   86,  50
W5-938SB,  10.17,  0.36,  0.45,  1.78,  65,     0.0,    0.0,   1, 6.8, 0.0,   94,   5,   90,  45
W6-1108SA, 18.84,  0.44,  0.49,  4.59,  47,     12.8,   0.997, 1, 6.4, 0.0,   140,  5.5, 87,  60
W6-1139SG, 14.65,  0.37,  0.43,  2.46,  35,     39.4,   0.536, 1, 3.6, 0.95,  140, 11.5, 83,  60
W6-1139SH, 16.582, 0.601, 0.733, 3.319, 34.891, 34.923, 0.596, 2, 3.5, 0.218, 140, 11.5, 81,  60
W6-1139SIF, 11.78, 0.40, 0.47, 2.65, 35, 39.91, 0.598, 1, 3.6, 0.47, 140, 11.5, 83, 50
W6-1530S,  20.97,  0.60,  0.66, 7.21,   50,     13.8,   0.753, 1, 6.4, 0.15,  140, 3.5,  87,  45
W6-1916,   23.7,  0.46, 0.62, 1.82, 60, 8.07, 0.0851, 1, 6.8, 0.016, 140, 5.0, 91, 30
W6-623C,   33,     0.41,  0.44,  6.4,   45,     13.8,   0.858, 1, 6.0, 0.67,  139,  4,   86,  30
W6-789D,   45,     0.37,  0.40,  4.97,  45,      8,     1.619, 1, 6,   0.5334,140,  4.1, 92,  15
W6-789E,   41.53,  0.46,  0.50,  6.32,  50,      7,     1.492, 1, 6,   0.128,140,  4.25, 92,  15
W69-1042,  37.99,  0.35,  0.37,  6.05,  35,     46,     0.524, 1, 6.5, 3.3,   226,  7,   87,  90
W8-1363SBF, 13.37, 0.39, 0.43, 4.26, 32, 99.78, 0, 1, 3.2, 0.82, 220, 12, 83, 150
W8-740C,   23,     0.30,  0.30, 10.53,  28,     95,     0.333, 1, 3.2, 1,     220, 12,   84, 120
W8-670Q,   36.3, 0.33, 0.36, 3.95, 27, 49, 0.64, 1, 6.5, 0.715, 201, 7, 85, 80
W8Q-1071,  51.73,  0.37,  0.40,  4.02,  28.37,  122.76, 0.2,   1, 4.6, 3.05,  380, 12,   86.65, 250
W8Q-1071,  70.42,  0.34, 0.36, 4.6, 27, 134.66, 0.234, 1, 3.2, 0.851, 460, 6, 88, 250



