# Name           Vas  Qts   Qes   Qms  Fs  mms  cms nvc Re1 Le1  Sd   Xmax  SPL  Pmax
9BGS119_8,     3.15, 0.58, 0.7, 2.9, 82, 2.45, 0.0, 1, 3.2, 0.12,  38, 2.6,  85.5,  30
10BGS119_8,     2.5, 0.52, 0.62, 3.4, 81, 0.0, 0.0, 1, 5.5, 0.0,  38, 0.65, 86,  30
10BG120_06,     1.5, 0.81, 0.98, 4.6, 95, 0.0, 0.0, 1, 4.0, 0.0,  38, 0.8,  86,  30
13WNS128_8,      12, 0.35, 0.46, 1.5, 54, 0.0, 0.0, 1, 5.6, 0.0,  85, 2.0,  88,  50
17WN225_8,       26, 0.36, 0.42, 2.4, 48, 0.0, 0.0, 1, 5.5, 0.0, 143, 3.0, 91,  60
17WP232_8,       35, 0.35, 0.45, 1.6, 37, 0.0, 0.0, 1, 5.8, 0.0, 136, 4.0, 88,  70
18WH09-08,       39, 0.37, 0.46, 1.4, 38, 10.7, 0.0, 1, 5.5, 0.54, 129, 5.0, 87, 70
18WO09-08,       38, 0.37, 0.39, 5.9, 38, 11.1, 0.0, 1, 5.8, 0.54, 129, 4.5, 88, 70
21WN340_8,      105, 0.30, 0.35, 2.0, 28, 0.0, 0.0, 1, 5.5, 0.0, 235, 6.0, 90,  80 
26WA550_4,       80, 0.37, 0.42, 3.4, 18, 0.0, 0.0, 1, 3.5, 0.0, 346, 12,  83, 150 
PLW_11_125_8,   4.2, 0.47, 0.6,  2.2, 69, 0.0, 0.0, 1, 5.6, 0.0,  58, 3.0,  85,  40
PLW_14_232_8,    14, 0.35, 0.44, 1.7, 45, 0.0, 0.0, 1, 5.8, 0.0,  80, 3.0,  87,  50
PLW_18_225_8,    50, 0.40, 0.47, 2.8, 31, 0.0, 0.0, 1, 5.8, 0.0, 138, 4.0,  89,  60
PLW_18_WO_09_04, 24, 0.30, 0.34, 2.49,37, 0.0, 0.0, 1, 5.8, 0.0, 132, 4.0,  86, 100
