# Name         Vas  Qts   Qes   Qms   Fs  mms  cms nvc Re1 Le1  Sd   Xmax  SPL  Pmax
V_Al130,        13, 0.38, 0.42, 4.37, 43, 8.5, 0.0, 1, 5.6, 0.85,  79, 6,    87,    60
V_Al130M,      9.1, 0.46, 0.52, 4.39, 57, 0.0, 0.0, 1, 5.4, 0.0,   79, 3,    90,    60
V_Al170,        34, 0.39, 0.43, 3.88, 38, 0.0, 0.0, 1, 5.6, 0.0,  133, 6,    88,    70
V_Al200,        77, 0.35, 0.39, 3.73, 32, 18, 0.0, 1, 6.6, 0.0,  216, 7,    88,   120
V_B200,	       102, 0.75, 0.83, 8.39, 40, 0.0, 0.0, 1, 5.0, 0.0,  214, 2,    96,    40
V_BG17,        8.2, 0.74, 0.98, 2.94,120, 0.0, 0.0, 1, 6.3, 0.0,  143, 1.5,  93,    40
V_BG20,        110, 0.44, 0.51, 3.47, 38, 0.0, 0.0, 1, 6.2, 0.0,  214, 2,    92,    40 
V_BGS40,      263,  0.42, 0.49, 3.13, 40, 80,  0.0, 1, 6.5, 1.55, 855, 2,    98,   200
V_Ti100,      6.92, 0.38, 0.40, 7.05, 62, 0.0, 0.0, 1, 6.0, 0.0,   54, 2.25, 86,    40
V_Tiw200xs,     65, 0.42, 0.45, 5.27, 26, 0.0, 0.0, 1, 6.1, 0.0,  206, 11,   84,   120
V_Tiw250xs,     73, 0.30, 0.32, 4.33, 31, 0.0, 0.0, 1, 5.7, 0.0,  314, 8.5,  89,   200
V_Tiw300,      160, 0.28, 0.30, 4.59, 25, 0.0, 0.0, 1, 5.4, 1.7,  510, 7.5,  90,   300
V_W100S4,      5.5, 0.49, 0.61, 2.45, 66, 0.0, 0.0, 1, 3.3, 0.0,   53, 2,    86,    30
V_W100S8,      5.5, 0.63, 0.78, 3.17, 64, 0.0, 0.0, 1, 6.6, 0.0,   53, 2,    86,    30
V_W130S4,       15, 0.45, 0.55, 2.54, 50, 0.0, 0.0, 1, 3.5, 0.0,   79, 2.25, 87,    50
V_W130S8,      5.5, 0.63, 0.78, 3.17, 64, 0.0, 0.0, 1, 6.6, 0.0,   79, 2.25, 87,    50
V_W170S4,       38, 0.41, 0.51, 2.16, 36, 0.0, 0.0, 1, 3.2, 0.0,  129, 4.25, 86,    50
V_W170S8,       38, 0.52, 0.66, 2.43, 36, 0.0, 0.0, 1, 5.9, 0.0,  129, 4.25, 86,    50
V_W200S4,	65, 0.35, 0.38, 3.99, 29, 0.0, 0.0, 1, 3.4, 0.0,  214, 3.5,  88,    75
V_W200S8,       70, 0.33, 0.36, 3.59, 30, 0.0, 0.0, 1, 6,   0.0,  214, 3.5,  88,    75
V_W250S4,      135, 0.35, 0.43, 2.01, 33, 0.0, 0.0, 1, 3.6, 0.0,  346, 5,    90,   100
V_W250S8,      121, 0.32, 0.39, 1.88, 31, 0.0, 0.0, 1, 6.6, 0.0,  346, 5,    90,   100
V_W300S4,      300, 0.25, 0.3,  1.6,  23, 0.0, 0.0, 1, 3.5, 0.0,  507, 5.25, 92,   150
V_W300S8,      340, 0.33, 0.42, 1.65, 23, 0.0, 0.0, 1, 6.7, 0.0,  507, 5.25, 92,   150
V_WS17E4,       22, 0.65, 0.9,  2.35, 45, 0.0, 0.0, 1, 3.2, 0.0,  143, 3.5,  88,    60
V_WS17E8,       22, 0.8,  1.28, 2.2,  45, 0.0, 0.0, 1, 5.8, 0.0,  143, 3.5,  88,    60
V_WS20E4,       39, 1.14, 1.44, 1.14, 47, 0.0, 0.0, 1, 3.3, 0.0,  240, 2.75, 88,    80
V_WS20E8,       44, 1.23, 1.59, 5.36, 47, 0.0, 0.0, 1, 6.8, 0.0,  240, 2.75, 88,    80
V_WS25E4,       85, 1.05, 1.57, 3.2,  41, 0.0, 0.0, 1, 3.7, 0.0,  330, 5.5,  88,    80
V_WS25E8,       90, 1,    1.51, 2.92, 40, 0.0, 0.0, 1, 6,   0.0,  330, 5.5,  88,    80
