# Name         Vas  Qts   Qes   Qms   Fs  mms  cms  nvc  Re   Le    Sd   Xmax  SPL  Pmax
WF110WA01,     4.0, 0.39, 0.40, 13.0, 68, 5.6, 0.96, 1,  4.0, 0.12, 55,  3.5,  88.5, 50
WF110WA03,     4.0, 0.49, 0.50, 13.0, 70, 5.5, 0.96, 1,  6.3, 0.19, 55,  3.5,  85.5, 50
WF138WA01,     9.6, 0.39, 0.43,  7.2, 59, 10,  0.70, 1,  3.2, 0.16, 95 , 3.5,  89.5, 60
WF138WA03,     9.5, 0.53, 0.56,  9.4, 64, 9.5, 0.70, 1,  6.3, 0.24, 95 , 3.5,  87.5, 60
WF160WA01,    25.2, 0.38, 0.42,  7.0, 48, 12.5,0.85, 1,  3.2, 0.16, 139, 3.5,  91.5, 60
WF182BD02,    26.5, 0.46, 0.48, 11.5, 32.5, 22, 1.33, 1, 6.4, 0.16, 131, 5.5, 85, 80
SW178WA01,    17,   0.32, 0.32, 20,   33, 31.5,0.70, 1,  6.3, 1.3 , 131, 5,    86,   100
SW182BD02,    18,   0.36, 0.37, 8,    30, 43,  0.74, 1, 6.4, 2.5, 131, 8, 83.5, 125
SW223BD01,    32,   0.36, 0.37, 11,   24, 87.5, 0, 1, 3.2, 0.5, 214, 10.7, 87, 150
SW263WA01,    52,   0.38, 0.39, 19,   21.5, 148, 0.37, 1, 6.3, 1.3, 314, 11.5, 84,   200
SW263WA03,  27.5,   0.45, 0.47, 12.5, 27  , 169, 0.20, 1, 3.2, 0.85,314, 11.5, 87,   200 
SW270WA01,   66,    0.45, 0.48, 6.6,  25,   84.5, 0.48, 1, 3.2, 1.4, 312, 11, 89, 150   
SW319WA01,    52,   0.39, 0.39, 18,   21.5, 178, 0.20, 1, 6.3, 1.3, 513, 11.5, 90.5, 250
SW319WA02,    76.5, 0.49, 0.51, 14,   26  , 178, 0.20, 1, 3.2, 0.85,513, 11.5, 90.5, 250